index,종류별,상황별,재료별,방법별,글 제목,레시피이름,레시피이미지,조회수,조리시간,난이도,인분,재료,소개글,조리순서
168520,과자,간식,밀가루,굽기,풍부한 초코냄새와 바삭한 식감인 브라우니 쿠키 디저트,브라우니쿠키,https://recipe1.ezmember.co.kr/cache/recipe/2020/07/06/5e2755555f192e7aa656a1eb2326b0581.jpg,"3,718",60분 이내,중급,3인분,"[('박력분', '100g'), ('설탕', '35g'), ('우유', '15g'), ('무염버터', '45g'), ('박력분', '60g'), ('설탕', '25g'), ('무염버터', '40g'), ('우유', '10g'), ('다크 초콜릿', '20g'), ('코코아 파우더', '10g'), ('청크 초코칩', '적당량')]","촉촉한 브라우니 쫀득한 브라우니도 좋지만 바삭바삭 식감 브라우니도 또 다른 매력이 있어서 좋다. 우유에 오*오 과자처럼 적셔서 먹어도 꿀맛!!
단맛도 조절 할 수 있어 단 걸 싫어하는 사람도 단 걸 좋아하는 사람에게도 추천!!","[{'step_number': 1, 'description': '겉 반죽 재료 준비하기\n실온 상태의 무염버터, 박력분, 설탕, 우유(달걀 대체 가능)실온 상태의 버터를 준비 못 할 경우 전자레인지에 10초씩 끊어 말랑한 상태로 만들기(대략 20초 정도 소유)', 'image_url': 'https://recipe1.ezmember.co.kr/cache/recipe/2020/07/06/019af3d0098df4f9bce420184b72ad251.jpg'}, {'step_number': 2, 'description': '실온상태의 무염 버터를 크림상태로 풀어주기', 'image_url': 'https://recipe1.ezmember.co.kr/cache/recipe/2020/07/06/6d70147a6ef92eefb60d511eba1c6e931.jpg'}, {'step_number': 3, 'description': '버터를 풀어준 뒤, 설탕 - 우유 순으로 넣어 섞어주기차가운 우유를 사용할 경우 버터와 분리 될 수 있으니 따뜻하게 데워 준뒤 섞어준다.', 'image_url': 'https://recipe1.ezmember.co.kr/cache/recipe/2020/07/06/c2b27095b08bf3bd67e8c2bf9a6a98311.png'}, {'step_number': 4, 'description': '마지막으로 박력분을 체 쳐 한 반죽으로 만들어주기', 'image_url': 'https://recipe1.ezmember.co.kr/cache/recipe/2020/07/06/a2be36182009b0037903776b0c6a4d651.jpg'}, {'step_number': 5, 'description': '가루류들이 어느 정도 뭉쳐지면 비닐장갑을 끼고 한 덩어리로 뭉쳐준다.', 'image_url': 'https://recipe1.ezmember.co.kr/cache/recipe/2020/07/06/05c86570d526ce3dd66d3a91f732c67c1.jpg'}, {'step_number': 6, 'description': '반죽이 한덩어리로 뭉쳐지면 랩으로 감싸 냉장고에 30분정도 휴지 시키기', 'image_url': 'https://recipe1.ezmember.co.kr/cache/recipe/2020/07/06/3264d89ce5ec9acaea985ac24cee26381.jpg'}, {'step_number': 7, 'description': '속 반죽 재료 준비하기\n실온상태의 무염버터, 설탕, 우유(달걀 대체 가능), 박력분, 다크 초콜릿, 코코아 파우더, 청크 초코칩', 'image_url': 'https://recipe1.ezmember.co.kr/cache/recipe/2020/07/06/832d5fd6560d73013156df22ebce28d41.jpg'}, {'step_number': 8, 'description': '실온 상태의 무염버터를 크림화 시킨 후,\n설탕 - 우유 - 녹인 다크 초콜릿 순으로 넣어 섞어주기다크초콜릿은 전자레인지 30초씩 끊어 녹여준다. (중간중간 보면서 녹여 주기)', 'image_url': 'https://recipe1.ezmember.co.kr/cache/recipe/2020/07/06/fe9f483698bcefbb9e8c5d84f3d3136e1.png'}, {'step_number': 9, 'description': '마지막으로 박력분, 코코아 파우더를 체 쳐 한 반죽으로 만들어주기', 'image_url': 'https://recipe1.ezmember.co.kr/cache/recipe/2020/07/06/023f11d60da8698743afd392bc758f351.jpg'}, {'step_number': 10, 'description': '반죽이 어느 정도 뭉쳐지면 청크 초코칩을 넣어 한 덩어리로 뭉쳐준다.', 'image_url': 'https://recipe1.ezmember.co.kr/cache/recipe/2020/07/06/d30966da078ffbcf04f248c3b2e3869b1.jpg'}, {'step_number': 11, 'description': '한 덩어리로 뭉쳐지면 겉 반죽과 동일하게 랩으로 감싸 냉장고에 30분 정도 휴지 시키기', 'image_url': 'https://recipe1.ezmember.co.kr/cache/recipe/2020/07/06/2264abf7dca56ace83f45a37c939ca7c1.jpg'}, {'step_number': 12, 'description': '2가지 반죽이 휴지 과정을 마치면 분할 시키기', 'image_url': 'https://recipe1.ezmember.co.kr/cache/recipe/2020/07/06/2d08693450f26b1e0d9abb4b4e16db811.jpg'}, {'step_number': 13, 'description': '겉 반죽 총 무게량 195g 정도 \n대략 20g씩 반죽 분할 하기 → 대략 10개 정도\n속 반죽 총 무게량 160g 정도\n대략 15g씩 반죽 분할 하기 → 대략 10개 정도 \n▶0.7cm 두께에 200ml우유 밑 바닥 사이즈 크기', 'image_url': 'https://recipe1.ezmember.co.kr/cache/recipe/2020/07/06/2f4e62e86a51fdf65f3958c567e74e101.jpg'}, {'step_number': 14, 'description': '겉 반죽으로 만두피처럼 펴서 안에 속 반죽을 넣어 감싸 주기\n속반죽이 완전히 감싸지지 않아도 상관 No!', 'image_url': 'https://recipe1.ezmember.co.kr/cache/recipe/2020/07/06/45490f055b80bb5fbbdd949a9ec2d9131.jpg'}, {'step_number': 15, 'description': '감싼 반죽을 0.7cm 두께로 눌러주기손으로 눌러줄 경우 반죽이 일정하지 않을 수 있으니 반죽 위에 비닐봉지로 덮은 후 호떡 뒤집게로 누를 경우 일정한 두께 및 깔끔하게 나온다.', 'image_url': 'https://recipe1.ezmember.co.kr/cache/recipe/2020/07/06/e8d0d24bf1a2b61d97b965b8194251941.jpg'}, {'step_number': 16, 'description': '160도에 25~30분 정도 오븐에서 굽기오븐170도에 10분 간 예열', 'image_url': 'https://recipe1.ezmember.co.kr/cache/recipe/2020/07/06/61fefc50d15a02ba71f77219e3acab441.jpg'}]"
168521,과자,간식,밀가루,굽기,담백하고 건강한 간식~! <감자 브로콜리 쿠키>!!!,감자브로콜리쿠키,https://recipe1.ezmember.co.kr/cache/recipe/2017/07/30/d745f03507cc6b1ad5527aa7f010c7da1.jpg,"6,541",120분 이내,초급,6인분 이상,"[('찐 감자', '120g'), ('데쳐 다진 브로콜리', '50g'), ('분유물                                                                                두유나 우유로 데체 가능', '30g'), ('소금', '약간'), ('설탕', '2큰술'), ('박력분', '180g'), ('베이킹파우더', '1작은술'), ('포도씨유', '45g')]",요넘이.. 신기한게.. 정말 별로 들어가는게 없어요- 이 상태로 만들면 삼삼~한 맛의 담백한 아이 과자가 되구요- 요기다 허브솔트 같은거 쬐금 솔솔 뿌려주면- 어른 먹기 짭짤하고 맛있는 과자가 되죠~ ㅎㅎ,"[{'step_number': 1, 'description': '감자는 포슬포슬하게 잘 쪄주세요~ ^^', 'image_url': 'https://recipe1.ezmember.co.kr/cache/recipe/2017/08/16/3a11447a156bf906e549dcfe1d3d5be41.jpg'}, {'step_number': 2, 'description': '딸래미 간식용으로 만든거라 우유 대신 분유물을 넣었답니다. 두유나 우유로 대체해서 넣으셔도 무방해요 ^^', 'image_url': 'https://recipe1.ezmember.co.kr/cache/recipe/2017/08/16/ab5f5cdf2e1fb0d12302e65d6f3daa191.jpg'}, {'step_number': 3, 'description': '브로콜리는 데쳐서 체쳐주세요. 곱게요~ 안그러면 나중에 틀에 찍을 때 걸려요;;ㅋㅋㅋ', 'image_url': 'https://recipe1.ezmember.co.kr/cache/recipe/2017/08/16/537963f7b40fa01e1a6b97071dbb54841.jpg'}, {'step_number': 4, 'description': '자~ 볼에 갓 찐 감자를 넣고 뜨거운 상태에서 으깨세요~ 설탕과 소금을 넣고 함께 으깨며 섞어주세요~~', 'image_url': 'https://recipe1.ezmember.co.kr/cache/recipe/2017/08/16/b27320794d01fcfe0c5d2ef94a04dc2a1.jpg'}, {'step_number': 5, 'description': '으깨던 감자에 분유물과 오일을 넣고 섞어주세요. 한참 섞으시면 곱게 잘 섞여있을테니 처음에 오일이 잘 안섞인다고 당황하진 마세요~ ^^', 'image_url': 'https://recipe1.ezmember.co.kr/cache/recipe/2017/08/16/38f13837914aa3759dad724692ddcc0c1.jpg'}, {'step_number': 6, 'description': '박력분과 베이킹소다는 미리 계량해놓으세요~', 'image_url': 'https://recipe1.ezmember.co.kr/cache/recipe/2017/08/16/4aaef4a86cf7321a92b9f79551bdb6e61.jpg'}, {'step_number': 7, 'description': '넣으실 땐 이렇게 체쳐 넣어주시는게 좋답니다~ ^^ 그래야 반죽도 잘 섞이고 부드러운 식감을 느낄 수있어용~', 'image_url': 'https://recipe1.ezmember.co.kr/cache/recipe/2017/08/16/2c6485e1931af2c62d45ae06e252cb3a1.jpg'}, {'step_number': 8, 'description': '곱게 체쳐내려진 모습..보이시죠? ^^', 'image_url': 'https://recipe1.ezmember.co.kr/cache/recipe/2017/08/16/ada5e02cfd6a538d5b1f4857da6f02881.jpg'}, {'step_number': 9, 'description': '가루까지 넣고 섞다가 중간에 브로콜리 다진것을 넣어 마저 섞어주세요~', 'image_url': 'https://recipe1.ezmember.co.kr/cache/recipe/2017/08/16/9a9f0f2145c39abc25a7bcdc505e09931.jpg'}, {'step_number': 10, 'description': '요렇게 반죽이 잘 뭉쳐졌으면, 비닐에 싸서 냉장고에서 30분 정도 휴지시켜주세요. 요 과정에서 반죽 속 미쳐 섞이지 않은 밀가루 가루들이 수분에 의해 잘 녹아 섞이거든요~', 'image_url': 'https://recipe1.ezmember.co.kr/cache/recipe/2017/08/16/7432acd1c6ed7cb92576a8d7a059c6e21.jpg'}, {'step_number': 11, 'description': '적당한 반죽이 되었으면 바닥에 비닐을 한 장 깔고 밀대로 얇게 밀어주세요~ 반죽에 비닐을 까는 이유는 쉽게 떼어내기 위해서랍니다~ ㅎㅎㅎ', 'image_url': 'https://recipe1.ezmember.co.kr/cache/recipe/2017/08/16/d3e3473a23b84ce068884c463afde4d41.jpg'}, {'step_number': 12, 'description': '얇게 반죽을 밀었으면, 원하는 모양의 쿠키틀로 찍어주세요~ 전 딸아이용 쿠키를 만든거라 지름 3cm 정도 되는 작은 틀로 찍었어요.', 'image_url': 'https://recipe1.ezmember.co.kr/cache/recipe/2017/08/16/0f18cf957c4cbd9e07b32273363399011.jpg'}, {'step_number': 13, 'description': '이렇게 팬에 적당한 간격으로 놓아준 반죽들은 포크로 콕콕콕콕 찍어주세요~ ^^', 'image_url': 'https://recipe1.ezmember.co.kr/cache/recipe/2017/08/16/f8dbb164b1c53042cd029765e7c35afd1.jpg'}, {'step_number': 14, 'description': '저 끝에 브로콜리들이 삐죽삐죽 ㅋㅋㅋ 담에 만들 땐 더 곱게 다져야겠어요 ㅋㅋㅋㅋ', 'image_url': 'https://recipe1.ezmember.co.kr/cache/recipe/2017/08/16/630ffbe087addb4f48c34857fd329d861.jpg'}, {'step_number': 15, 'description': '160도로 예열해놓은 오븐에 20분 정도 구워주세요~ 전, 살짝 두껍게 밀어서 쿠키들이 통통하게익어가네요;; ㅡㅡ;; 얇게 밀으시는게 좋아요 ㅎㅎㅎㅎ 물론 떼어내고 판에 놓기는 약간 더 힘들겠지마는;;;오븐', 'image_url': 'https://recipe1.ezmember.co.kr/cache/recipe/2017/08/16/2b407158e918b0e1345f60f6ba83344d1.jpg'}, {'step_number': 16, 'description': '이렇게 3 판이나 구워 식힘망에서 한 김 식히고 있는 오늘의 쿠키들~ ㅎㅎㅎㅎ', 'image_url': 'https://recipe1.ezmember.co.kr/cache/recipe/2017/08/16/9e722889552fd3ba0f5be47a05813f321.jpg'}]"
168522,과자,간식,밀가루,굽기,달콤한~ 리얼 브라우니 쿠키,브라우니쿠키,https://recipe1.ezmember.co.kr/cache/recipe/2015/08/11/ad08e21cee91145e5eb1c6f61da2ca761.jpg,"11,095",60분 이내,초급,4인분,"[('우리밀 중력분', '35g'), ('베이킹 파우더', '1/4ts'), ('소금', '1/8ts'), ('따뜻한 물', '6g'), ('인스턴트 커피', '3g'), ('계란', '2개'), ('유기농 설탕', '100g'), ('바닐라 익스트랙', '1ts'), ('무염 버터', '30g'), ('초코칩', '50g'), ('다크 초콜릿', '190g')]",찐하고 달달한 브라우니를 쿠키로 만들어봤어요. 맛은 브라우니지만 모양새는 쿠키에요. 쿠키와 브라우니를 동시에 즐길수 있는 브라우니 쿠키 만들어봐요~,"[{'step_number': 1, 'description': '볼에 계란을 풀고 설탕과 소금, 따뜻한 물에 녹인 커피와 바닐라 익스트랙을 넣고 핸드믹서 4단에서 15분 정도 휘핑합니다. 이 정도 휘핑하면 리본까지 그려지진 않아도 처음보다 볼륨이 있는 계란 반죽이 완성됩니다. 계란 휘핑하는 중에 다크 초콜릿과 버터는 중탕을 해서 녹여둡니다.', 'image_url': 'https://recipe1.ezmember.co.kr/cache/recipe/2015/08/11/b5a2dd9b43aecff15f79df1c0fcd239d1.jpg'}, {'step_number': 2, 'description': '녹인 다크 초콜릿과 버터는 미지근할 정도로 식힌 후 계란 반죽에 넣고 잘 섞어주세요.', 'image_url': 'https://recipe1.ezmember.co.kr/cache/recipe/2015/08/11/f0f9b241fbf66ab1abb6658f4896d94c1.jpg'}, {'step_number': 3, 'description': '여기에 체친 베이킹 파우더와 밀가루를 넣은 후 잘 섞어주세요. 초코칩도 넣고 잘 섞습니다.', 'image_url': 'https://recipe1.ezmember.co.kr/cache/recipe/2015/08/11/a75837cf3c9bc9069edbb36107ed52e91.jpg'}, {'step_number': 4, 'description': '완성된 반죽은 주르륵 흐르는 묽은 상태에요. 이 상태에서 5분 정도 계속 저어주면 걸쭉한 반죽으로 변합니다. 이대로 팬닝해 바로 구워도 되지만 실온에서 20분 정도 휴지한 후 구우면 크랙이 더 예쁘게 나온답니다~ 스쿱이나 스푼으로 떠서 팬닝합니다.', 'image_url': 'https://recipe1.ezmember.co.kr/cache/recipe/2015/08/11/4ab8a0b15d88b91971bdfccac114e8b41.jpg'}, {'step_number': 5, 'description': '190도로 예열된 오븐에서 8~9 분 정도 구우면 속은 촉촉하고 가장자리는 쫀득한 맛이 좋은 리얼 브라우니 쿠키가 완성됩니다~오븐', 'image_url': 'https://recipe1.ezmember.co.kr/cache/recipe/2015/09/11/b1ad9c7e631dce489173d38a0ff0289e1.jpg'}]"
168523,과자,간식,밀가루,굽기,사과포켓쿠키 만들기,사과포켓쿠키,https://recipe1.ezmember.co.kr/cache/recipe/2017/01/19/9b732c4cdbd06e3ab298b56f7aad047f1.jpg,"13,700",90분 이내,초급,2인분,"[('사과', '100g'), ('설탕                                                                                당도에 따라 조절', '10~15g'), ('계피가루', '약간'), ('무염버터', '60g'), ('설탕', '40g'), ('노른자', '1개'), ('바닐라익스트랙                                                                                생략가능', '1/4tsp'), ('박력분', '110g'), ('아몬드가루', '10g')]",*9~10개 분량(지름 6cm).,"[{'step_number': 1, 'description': '[사과조림] 사과의 껍질을 제거하고, 0.5cm 크기로 깍뚝썰어주세요.', 'image_url': 'https://recipe1.ezmember.co.kr/cache/recipe/2017/01/18/32d01b9557b3fd61d5a7c83fead3f5b31.jpg'}, {'step_number': 2, 'description': '내열그릇에 사과와 설탕, 계피가루를 넣고 골고루 버무려주세요.', 'image_url': 'https://recipe1.ezmember.co.kr/cache/recipe/2017/01/18/87130a9a84f6c6b33170f4449ab3c2061.jpg'}, {'step_number': 3, 'description': '랩을 씌우고, 이쑤시개로 구멍을 뚫어주세요.', 'image_url': 'https://recipe1.ezmember.co.kr/cache/recipe/2017/01/18/72ed22621c03673ace264a03b9c6fd0f1.jpg'}, {'step_number': 4, 'description': '전자레인지(600w)에 5분간 가열해주세요.전자레인지', 'image_url': 'https://recipe1.ezmember.co.kr/cache/recipe/2017/01/18/7f672a5b15bf49ce6a060dc7060a63f01.jpg'}, {'step_number': 5, 'description': '가열 후 전체적으로 한번 섞어주세요.', 'image_url': 'https://recipe1.ezmember.co.kr/cache/recipe/2017/01/18/01b596719e7b9d82aab04de3489b71651.jpg'}, {'step_number': 6, 'description': '다시 랩을 씌워 사용하기 전까지 냉장고에 넣어두세요.', 'image_url': 'https://recipe1.ezmember.co.kr/cache/recipe/2017/01/18/21f0788acd973ef999a1edf00ebcbf541.jpg'}, {'step_number': 7, 'description': '[쿠키반죽] 볼에 말랑한 버터와 설탕을 넣고 크림을 만들어주세요.', 'image_url': 'https://recipe1.ezmember.co.kr/cache/recipe/2017/01/18/920258d07c0d01543ab61d85c479dd371.jpg'}, {'step_number': 8, 'description': '노른자와 바닐라익스트랙을 넣고 골고루 섞어주세요.', 'image_url': 'https://recipe1.ezmember.co.kr/cache/recipe/2017/01/18/87f4e508ce66bd6417e1bef4af050f2f1.jpg'}, {'step_number': 9, 'description': '가루류를 모두 넣고', 'image_url': 'https://recipe1.ezmember.co.kr/cache/recipe/2017/01/18/e470068de5cec7db86fcf93c6102d62c1.jpg'}, {'step_number': 10, 'description': '주걱으로 가르듯이 섞다가 가루가 조금만 보일 때 한 덩어리로 뭉쳐주세요.', 'image_url': 'https://recipe1.ezmember.co.kr/cache/recipe/2017/01/18/8ff45f11c287990c6d4fbc774c86f6ca1.jpg'}, {'step_number': 11, 'description': '쿠키반죽을 랩 또는 비닐에 담아 냉장고에 30분간 휴지시켜주세요.', 'image_url': 'https://recipe1.ezmember.co.kr/cache/recipe/2017/01/18/f190d0777aee5a7608559f75b69b4edb1.jpg'}, {'step_number': 12, 'description': '휴지가 끝나면 반죽을 0.3cm 두께로 밀어주세요.', 'image_url': 'https://recipe1.ezmember.co.kr/cache/recipe/2017/01/18/554a692aaf982f6177aa852ad965642a1.jpg'}, {'step_number': 13, 'description': '지름 6cm 쿠키커터로 찍어주세요.', 'image_url': 'https://recipe1.ezmember.co.kr/cache/recipe/2017/01/18/44ad4fb1a30c6814ed975e99df408c461.jpg'}, {'step_number': 14, 'description': '쿠키반죽 위에 사과조림을 1tsp씩 올려주세요.', 'image_url': 'https://recipe1.ezmember.co.kr/cache/recipe/2017/01/18/6942c862296e832e9f3c4fa1f0514f741.jpg'}, {'step_number': 15, 'description': '같은 크기의 쿠키반죽으로 덮어주세요. 그런 다음 가장자리를 눌러 붙여주세요.바로 포크로 누르면 반죽이 갈라져요!', 'image_url': 'https://recipe1.ezmember.co.kr/cache/recipe/2017/01/18/2d238ea851fb364f3746a44119a86b381.jpg'}, {'step_number': 16, 'description': '포크로 가장자리를 눌러주세요.', 'image_url': 'https://recipe1.ezmember.co.kr/cache/recipe/2017/01/18/7147aa7ec1aa7d8b8e946e5a8a28bc0f1.jpg'}, {'step_number': 17, 'description': '170℃에서 12분간 구워주세요.', 'image_url': 'https://recipe1.ezmember.co.kr/cache/recipe/2017/01/18/74150538cd1e096bad4164ce66070dc61.jpg'}, {'step_number': 18, 'description': '갓 구워진 쿠키는 부서지기 쉽기 때문에 충분히 식은 후에 만져주세요.', 'image_url': 'https://recipe1.ezmember.co.kr/cache/recipe/2017/01/18/8b203cc928db4a8188e7d4b5c834a40e1.jpg'}]"
168524,과자,간식,밀가루,굽기,기분좋아지는 당근 크림치즈 쿠키,크림치즈쿠키,https://recipe1.ezmember.co.kr/cache/recipe/2022/01/17/e386e2d88adc27eef56248d74a4f98a11.jpg,"2,094",60분 이내,중급,2인분,"[('버터', '240g'), ('흑설탕', '170g'), ('소금', '3g'), ('꿀', '20g'), ('달걀', '100g'), ('밀가루 중력분', '300g'), ('밀가루 박력분', '90g'), ('베이킹파우더', '6g'), ('베이킹소다', '2g'), ('시나몬', '10g'), ('아몬드가루', '50g'), ('다진당근', '120g'), ('호두 & 피칸', '200g'), ('바닐라향', '2g'), ('크림치즈', '400g'), ('슈가파우더', '50g')]","당근을 즐겨먹는건 아니지만,
여러음식에는 단골로 들어가는 재료인것 같아요.
제주도에서 흙당근을 주문해서 받았는데,밭에서
바로 온거라,색도 선명하고,달콤 아삭하니 향긋한 향도 좋아요.
당근케익은 2번정도 사먹었던적이 있는데요.
첨에는 당근이 들어가 있다고 해서,맛이 상상이 안갔는데,
생각보다 살짝 씹히는 당근과 시나몬,견과류 조합이 괜찮았어요.
그래서,당근 쿠키는 어떨까?해서 레시피를 찾아봤는데,
자료가 많이 없었어요~
당근케익을 참고하고,아메리칸 쿠키 레시피를 접목했어요.
개인적으로 묵직하고,도톰한 큰 쿠키를 좋아해요.

네이버블로그~냠키친","[{'step_number': 1, 'description': '계란과 버터는 실온에 꺼내 두어요.\n당근은 적당히 다지고,가루종류는 함께\n계량해서 채치기\n1)버터,설탕,꿀,바닐라익스트랙을 넣고,\n저속 혼합,달걀 조금씩 넣기', 'image_url': 'https://recipe1.ezmember.co.kr/cache/recipe/2022/01/17/ade5070822d1f3ed4d6eb588ae34b4ec1.jpg'}, {'step_number': 2, 'description': '박력분,중력분, 베이킹파우더,시나몬,소금을 1)에 섞고,\n아몬드가루넣고,주걱으로 자르듯이 혼합', 'image_url': 'https://recipe1.ezmember.co.kr/cache/recipe/2022/01/17/ca761afd70eaf48e4fde8e493214e7941.jpg'}, {'step_number': 3, 'description': '당근을 넣어서 자르듯이 볼을 돌려가면 섞어주어요.\n당근을 넣고 나면,점성이 생기면서 반죽이 붙어요.', 'image_url': 'https://recipe1.ezmember.co.kr/cache/recipe/2022/01/17/54567f63c97a168a076ead6a436784ed1.jpg'}, {'step_number': 4, 'description': '호두,피칸 에어프라이어160도 8분\n(고소한맛 올라가고,떫은맛 빠짐 )\n다진 건과류도 혼합해주세요.', 'image_url': 'https://recipe1.ezmember.co.kr/cache/recipe/2022/01/17/96043f478fa96ccf0766573e276bb3981.jpg'}, {'step_number': 5, 'description': '차가운 버터를 사용했기때문에\n30분 정도만 냉장고에서 휴지할께요\n녹인버터(부드러움)와 차가운 버터(바삭함)의 차이는 \n결과물에서 큰차이가 나기때문에~\n용도에 따라서 잘 사용하셔야 해요.', 'image_url': 'https://recipe1.ezmember.co.kr/cache/recipe/2022/01/17/4103c90da31aa89725e8f4a9094bf7591.jpg'}, {'step_number': 6, 'description': '크림치즈는 조금 단단하게 나온것을 사야해요.물기가 많은것은 토핑하기 힘들어요~\n질퍽한 크림치즈는 슈가 파우더에 섞어서 짤주머니에 넣어 토핑하면 가능해요.\n모양은 퍼져서 나와도 나름 괜찮아요\n크림치즈를 적당히 잘라서 슈가파우더를 바르고,냉장고에서 잠시 휴지', 'image_url': 'https://recipe1.ezmember.co.kr/cache/recipe/2022/01/17/b48ea10bad2b00709ab0c2bb176aeb081.jpg'}, {'step_number': 7, 'description': '30~35g씩 둥글게 만들어서,냉장고에서 휴지', 'image_url': 'https://recipe1.ezmember.co.kr/cache/recipe/2022/01/17/c405769022c65501cd954da89a5ebfb41.jpg'}, {'step_number': 8, 'description': '쿠키80~88그람씩 중앙에 우물을 파듯이 성형후 크림치즈를 올려서 살짝 눌러주기', 'image_url': 'https://recipe1.ezmember.co.kr/cache/recipe/2022/01/17/1a4564cc86f864a7db6b663ab0a3ef741.jpg'}, {'step_number': 9, 'description': '175도 18분 구워주었어요.\n오븐에 따라서 온도가 다르니,잘 조정해 주세요.\n에어프라이어 사용해서 구울때는 윗색이 먼저 나오기 때문에\n중간에 호일을 덮어서,마져 구워주세요!오븐', 'image_url': 'https://recipe1.ezmember.co.kr/cache/recipe/2022/01/17/c242af853749c896cfc34fc934f6e4a91.jpg'}, {'step_number': 10, 'description': '겉은 바삭하고,속은 촉촉하고,\n살짝 씹히는 당근의 향과 고소한 건과류,시나몬과 흑설탕의 독특한 향\n꾸덕한 크림치즈의 진한맛.......', 'image_url': 'https://recipe1.ezmember.co.kr/cache/recipe/2022/01/17/0eea24ac9ec301391b7c17ed15b21d951.jpg'}, {'step_number': 11, 'description': '예쁘게 포장해서,선물주면 넘 좋아해요.', 'image_url': 'https://recipe1.ezmember.co.kr/cache/recipe/2022/01/17/806c6d434febfa9d2a4c016ee41500bc1.jpg'}]"
168525,과자,간식,밀가루,굽기,뉴욕 르뱅 스타일 두툼한 초콜릿 쿠키 만들기 (담백 버전) | 안젤라 베이킹,초콜릿쿠키,https://recipe1.ezmember.co.kr/cache/recipe/2019/06/13/74b71d96fea1708ed20c85cc047129fb1.jpg,"9,815",2시간 이상,초급,6인분 이상,"[('버터', '250g'), ('흑설탕', '130g'), ('물엿', '130g'), ('계란', '125g'), ('소금', '1/2작은술'), ('중력분', '380g'), ('코코아파우더', '60g'), ('베이킹파우더', '1작은술'), ('베이킹 소다', '1/2작은술'), ('초코칩', '170g')]",제가 뉴욕 르뱅 베이커리에서 먹어본 쿠키는 이가 빠질것같은 달달함 이었습니다...개인적으로는 너무 달아서 한개도 다 먹지 못했던 기억이 있어요. 근데 두툼한 스타일이 너무나 매력적인거에요. 그 스타일을 따라해본 쿠키입니다.,"[{'step_number': 1, 'description': '버터는 미리 실온에두어 말랑한 상태로 준비한다음 거품기로 잘 풀어 흑설탕을 넣고 거품기로 저어 섞어준다.', 'image_url': 'https://recipe1.ezmember.co.kr/cache/recipe/2019/06/13/28fe37cedee9ecb4980994340810502c1.jpg'}, {'step_number': 2, 'description': '물엿, 소금을 버터에 넣어 거품기로 섞어준다.', 'image_url': 'https://recipe1.ezmember.co.kr/cache/recipe/2019/06/13/26e111a1200f6a29fe09201bf3327def1.jpg'}, {'step_number': 3, 'description': '계란은 2-3회에 나눠 넣어 섞어준다.', 'image_url': 'https://recipe1.ezmember.co.kr/cache/recipe/2019/06/13/5a733d52b7e0639c0748c32c00c7c4c11.jpg'}, {'step_number': 4, 'description': '가루류(중력분, 코코아파우더, 베이킹파우더, 베이킹소다)를 체에 쳐서 넣고 주걱으로 칼로 자르듯 하면서 섞어준다.', 'image_url': 'https://recipe1.ezmember.co.kr/cache/recipe/2019/06/13/9e001c018ebc3b1d0c12c7c6ba9d7b581.jpg'}, {'step_number': 5, 'description': '날가루가 거의 안보일 즘에 초코칩을 넣고 섞어 반죽을 마무리한다.', 'image_url': 'https://recipe1.ezmember.co.kr/cache/recipe/2019/06/13/2020be7c474f6a71234de81df60fd9131.jpg'}, {'step_number': 6, 'description': '아이스크림 스쿱이 있을 경우에는 스쿱으로 떠서 실리콘 페이퍼 위에 놓고 냉동실에 얼려준다.', 'image_url': 'https://recipe1.ezmember.co.kr/cache/recipe/2019/06/13/1127b16066901e3c8d3dba2999e53e391.jpg'}, {'step_number': 7, 'description': '스쿱이 없는 경우에는 반죽을 냉장고에 2시간 정도 넣었다가 뺀 뒤 숟가락으로 동그랗게 떠서 실리콘페이퍼 위에 놓고 냉동실에 얼려준다.냉장고에 넣었다가 뺀 반죽은 단단해져서 다루기가 훨씬 쉽습니다.', 'image_url': 'https://recipe1.ezmember.co.kr/cache/recipe/2019/06/13/d4492a98b64c61392060d128517ac7d01.jpg'}, {'step_number': 8, 'description': '이렇게 동글동글하게 뚝뚝 떼어놓으시면 됩니다.', 'image_url': 'https://recipe1.ezmember.co.kr/cache/recipe/2019/06/13/d3449a7a58846561abd5b07b20063d361.jpg'}, {'step_number': 9, 'description': '얼린 쿠키 반죽은 지퍼락에 넣고 냉동시켜두고 필요할 때마다 구워먹는다.5-6개월까지도 끄떡 없는 냉동생지입니다.', 'image_url': 'https://recipe1.ezmember.co.kr/cache/recipe/2019/06/13/cb8bfb9c4895aa7a865f032ad4d94cfa1.jpg'}, {'step_number': 10, 'description': '얼어있는 상태의 쿠키 반죽을 적당히 간격을 벌려 팬닝하고 170도 예열된 오븐에서 20분 구워준다.오븐', 'image_url': 'https://recipe1.ezmember.co.kr/cache/recipe/2019/06/13/1428823f4978c4bee18fe105add6beac1.jpg'}, {'step_number': 11, 'description': '완전히 식으면 실온에 밀봉해두고 2-3일 안에 먹는다.', 'image_url': 'https://recipe1.ezmember.co.kr/cache/recipe/2019/06/13/c98d54ff1458fcb65c820340337eec7d1.jpg'}]"
168526,과자,간식,밀가루,굽기,"초콜릿칩크랜베리쿠키(NO버터,오일홈베이킹)",크랜베리쿠키,https://recipe1.ezmember.co.kr/cache/recipe/2015/04/16/e654b4dccbd3511ea3580f44992e2a551.jpg,"13,228",None,None,None,"[('오일', '40g'), ('달걀', '1개'), ('설탕', '80g'), ('소금', '1/4작은술'), ('중력분', '150g'), ('베이킹소다', '1/4작은술'), ('초콜릿칩', '30g'), ('크랜베리', '20g')]",울퉁불퉁 못난이 쿠키~ 딱 봐도 홈메이드 느낌이 폴폴 풍기죠?^,"[{'step_number': 1, 'description': '볼에 오일, 달걀, 설탕을 넣고 설탕이 어느 정도 녹을 때까지 골고루 섞어 주세요. 체에 내린 가루류를 넣고 가볍게 섞어 주세요.', 'image_url': 'https://recipe1.ezmember.co.kr/cache/recipe/2015/04/16/96f0fcb47f007d28d98988e16c254e251.jpg'}, {'step_number': 2, 'description': '가루가 안 보일 때쯤 초콜릿칩과 크랜베리를 넣고 반죽을 완성해 주세요. 팬에 적당한 크기로 반죽을 올린 후 180도로 예열한 오븐에서 12~15분 가량 구워 주세요.오븐', 'image_url': 'https://recipe1.ezmember.co.kr/cache/recipe/2015/04/16/4a376d78bf5d148626ceb8b7085426d71.jpg'}, {'step_number': 3, 'description': '울퉁불퉁 못난이 쿠키~ 딱 봐도 홈메이드 느낌이 폴폴 풍기죠?^^', 'image_url': 'https://recipe1.ezmember.co.kr/cache/recipe/2015/04/16/b1f204707d57589c9209f58904c5c4bd1.jpg'}]"
168527,과자,간식,밀가루,굽기,그린티 마블 사브레,그린티마블사브레,https://recipe1.ezmember.co.kr/cache/recipe/2015/06/09/e283976a7e7c9e210af13b471d1c57a8.jpg,"5,245",90분 이내,중급,6인분 이상,"[('버터', '100g'), ('슈가파우더', '80g'), ('노른자', '1개'), ('박력분', '200g'), ('베이킹파우더', '1/2ts'), ('녹차가루', '1Ts'), ('녹차시럽', '1/2ts')]","녹차향이 솔솔 나는 쿠키. 색도 너무 곱고, 녹차덕에 느끼하지 않고 담백해서 내맘에 쏙. 파샤샥 부서지는 식감의 사브레라는 본분을 다한 쿠키랍니다.","[{'step_number': 1, 'description': '실온에 두어 말랑한 버터를 거품기로 풀고, 슈가파우더를 넣어 섞어주세요. 사브레는 모래같이 파샤삭 부서지는 식감이라 설탕보다는 슈가파우더를 사용하는게 식감면에서 더 월등.', 'image_url': 'https://recipe1.ezmember.co.kr/cache/recipe/2015/09/07/9c6d5241b0cc05bd345e68a6fee437ef1.jpg'}, {'step_number': 2, 'description': '계란노른자를 하나 넣고 섞어주세요.', 'image_url': 'https://recipe1.ezmember.co.kr/cache/recipe/2015/09/07/b778577b58920ceaf72068b8f488340f1.jpg'}, {'step_number': 3, 'description': '버터반죽을 정확히 반으로 나누어 (시작할때 볼의 무게를 재고 그 볼에 담긴 버터반죽의 무게를 잰후에 뺄셈하고 나누어서 담아주기. 저의 계산으로는 각각 95g씩 나누어주면 되었어요. 볼의 무게야 다 다르니) 바닐라 반죽에는 박력분 100g과 베이킹파우더를 넣고, 녹차반죽에는 박력분 100g과 베이킹파우더와 녹차시럽을 약간 넣어 섞어주세요. 녹차시럽은 향이나 맛, 색을 내기 위한 것이니 생략도 가능해요.', 'image_url': 'https://recipe1.ezmember.co.kr/cache/recipe/2015/09/07/425012a233fd336d1ed6506c7f135e6e1.jpg'}, {'step_number': 4, 'description': '만들어진 반죽을 적당량씩 섞어가며 원통모양으로 만들고, 랩 심지에 넣고 냉동실에서 단단하게 얼려 주세요. 단단하게 언 반죽을 0.7cm정도로 칼로 잘라주세요.', 'image_url': 'https://recipe1.ezmember.co.kr/cache/recipe/2015/09/07/dd17972bafd34dd9e956cab9373972e71.jpg'}, {'step_number': 5, 'description': ""오븐팬 위에 하나씩 놓고, 170'c에서 15~20분간 구워주세요.오븐"", 'image_url': 'https://recipe1.ezmember.co.kr/cache/recipe/2015/09/07/952a550e38b8e31cd5d3ac4e00a82bb61.jpg'}, {'step_number': 6, 'description': '오, 녹차향 솔솔나는 멋진 쿠키 완성. 마블이 많이 어지러운것보다 약간 단순하게 생긴 아이들도 이뻐요. 혹시나 탈까봐 오븐팬을 아래 하나 덧대주고 구웠더니 밑에도 안타고 잘 구워진. 마블을 만드는것이 조금 귀찮기도 하지만 만들어 놓고 보면 정말 예뻐라 하는 쿠키에요.', 'image_url': 'https://recipe1.ezmember.co.kr/cache/recipe/2015/09/07/630c3dcc6f9eadff32b192dec024b1eb1.jpg'}]"
168528,과자,간식,밀가루,굽기,시나몬향이 어울리는 호두타르트 만들기,호두타르트,https://recipe1.ezmember.co.kr/cache/recipe/2016/06/03/b5c54b07d49704206ed84605f1c089e11.jpg,"28,948",120분 이내,초급,4인분,"[('버터', '60g'), ('노른자', '1개'), ('설탕', '40g'), ('박력분', '110g'), ('아몬드가루', '10g'), ('바닐라익스트랙                                                                                생략가능', '1/2tsp'), ('호두', '150g'), ('계란', '2개'), ('설탕', '60g'), ('물엿', '80g'), ('시나몬가루', '1tsp'), ('녹인 버터', '40g'), ('바닐라익스트랙                                                                                생략가능', '1tsp')]","제가 좋아하는 타르트 중 하나인 호두타르트를 만들어 봤어요^^

*타르트 반죽 레시피를 조금 수정했습니다! 그러니깐 영상자막에 나온 레시피로 만드시면 안 됩니다!*

*지름 18cm 타르트 틀.","[{'step_number': 1, 'description': '(타르트지/파트 슈크레) 볼에 말랑한 버터와 설탕을 넣고 크림을 만들다가 노른자+바닐라익스트랙을 2번 나누어 넣어가며 섞어주세요.', 'image_url': 'https://recipe1.ezmember.co.kr/cache/recipe/2016/06/03/594b91c6b5fd0a64a87ffb54d46aa7db1.jpg'}, {'step_number': 2, 'description': '가루류를 반씩 나누어 넣어가며 섞어주세요.', 'image_url': 'https://recipe1.ezmember.co.kr/cache/recipe/2016/06/03/c93c34025cdaaf4c78bcf98735dc59701.jpg'}, {'step_number': 3, 'description': '가루가 보이지 않으면 한 덩어리로 뭉쳐주세요.', 'image_url': 'https://recipe1.ezmember.co.kr/cache/recipe/2016/06/03/bba7ed3e44acd9f12c00b2a655e0ba5b1.jpg'}, {'step_number': 4, 'description': '반죽을 비닐에 담고 냉장고에 30분 휴지시켜주세요.', 'image_url': 'https://recipe1.ezmember.co.kr/cache/recipe/2016/06/03/62388e4d3474983a6ae39001b970f3371.jpg'}, {'step_number': 5, 'description': '휴지가 끝나면 반죽을 두께 0.3~0.4cm 정도로 넓게 밀어주세요.', 'image_url': 'https://recipe1.ezmember.co.kr/cache/recipe/2016/06/03/f29ee9bdb040f6f8e5d501ff2bfeb7951.jpg'}, {'step_number': 6, 'description': '반죽을 틀에 담아 모양을 잡아주고, 포크로 구멍을 내주세요. (필링)을 만들 동안 냉장고에 넣어두세요.', 'image_url': 'https://recipe1.ezmember.co.kr/cache/recipe/2016/06/03/38af22c32a727d9d708b1881433520c71.jpg'}, {'step_number': 7, 'description': '[호두의 쓴맛을 줄이는 방법!]\n끓는 물에 호두를 2분간 데친 후 건져서 키친타월로 물기를 제거해주세요. 그런 다음 180℃에서 5분간 구워주세요. *기름기 없는 프라이팬에 볶아도 됩니다! *이 단계는 생략해도 괜찮아요!', 'image_url': 'https://recipe1.ezmember.co.kr/cache/recipe/2016/06/03/7c7d2d77c76ced6ba5f966752c2456d01.jpg'}, {'step_number': 8, 'description': '볼에 계란을 넣고 살짝 풀어주세요. 그런 다음 설탕과 물엿, 시나몬가루, 바닐라익스트랙을 넣고 골고루 섞어주세요. *백설탕 보다는 갈색설탕을 사용하시면 색이 더 예쁘게 나와요!', 'image_url': 'https://recipe1.ezmember.co.kr/cache/recipe/2016/06/03/ad0741be757ee9b7a875f2f127908d6e1.jpg'}, {'step_number': 9, 'description': '적당한 크기로 자른 호두를 고르게 담아주세요.', 'image_url': 'https://recipe1.ezmember.co.kr/cache/recipe/2016/06/03/6b214527c1259369f55e97af6e9946211.jpg'}, {'step_number': 10, 'description': '필링도 담아주세요.', 'image_url': 'https://recipe1.ezmember.co.kr/cache/recipe/2016/06/03/89492440c92bea39d9686087079a0e221.jpg'}, {'step_number': 11, 'description': '170℃에서 35~40분 구워주세요. *구워지는 동안 가운데가 볼록하게 부푸는 데 식은면 다시 가라 앉아요!\n잘 구워졌으면 식힘마에 올려 대충 식힌 후 냉장고에 넣어 완전히 차갑게 식혀주세요! *하루 동안 넣어두는 게 좋아요!', 'image_url': 'https://recipe1.ezmember.co.kr/cache/recipe/2016/06/03/c5373628ebc0e6567ed28dc17b2820921.jpg'}]"
168529,과자,간식,밀가루,굽기,두 번 구워 더 바삭한 견과류 비스코티 만들기,견과류비스코티,https://recipe1.ezmember.co.kr/cache/recipe/2022/10/16/3b090d118c54e6fde3572c3780d9d4601.jpg,"1,103",90분 이내,초급,2인분,"[('버터', '40g'), ('설탕', '70g'), ('계란', '1개'), ('밀가루박력분', '150g'), ('소금', '0.5t'), ('베이킹파우더', '0.5t'), ('아몬드', '30g'), ('캐슈넛', '20g')]",베이킹은 왠지 일반 요리에 비해서 어렵다는 인식이 있는데요. 오늘 만든 비스코티는 간단하게 반죽을 만들고 굽기만 하면 되서 초보라도 쉽게 도전해 볼 수 있는 베이킹이에요.,"[{'step_number': 1, 'description': '실온버터 40g을 준비해 주세요. 냉장 버터를 사용할 경우 꺼내서 전자레인지에 30초간 돌려주세요.전자레인지', 'image_url': 'https://recipe1.ezmember.co.kr/cache/recipe/2022/10/16/dae71bc577651a73878ac13f6d7d321b1.jpg'}, {'step_number': 2, 'description': '볼에 설탕 70g을 넣고 녹인 버터를 함께 넣어주세요. 그리고 설탕 가루가 남지 않을 때까지 잘 섞어주세요.', 'image_url': 'https://recipe1.ezmember.co.kr/cache/recipe/2022/10/16/b647dce9262b0347dc7c17161f62588e1.jpg'}, {'step_number': 3, 'description': '여기에 실온 계란 1개를 넣고 뭉친게 없도록 잘 풀어주세요. 부드럽게 섞일때까지 저어주면 되요.', 'image_url': 'https://recipe1.ezmember.co.kr/cache/recipe/2022/10/16/62e2fe48f3c0dd59ee6acd6dd3ce88241.jpg'}, {'step_number': 4, 'description': '볼에 박력분 150g을 곱게 체에 걸러서 넣어주세요.', 'image_url': 'https://recipe1.ezmember.co.kr/cache/recipe/2022/10/16/f1566db30fa124c3776c2ce38aaa1c6b1.jpg'}, {'step_number': 5, 'description': '소금 0.5t와 베이킹파우더 0.5t도 체에 걸러서 함께 넣어주세요.', 'image_url': 'https://recipe1.ezmember.co.kr/cache/recipe/2022/10/16/9e06b8a5b2b83fb2b7835fd03f7b39601.jpg'}, {'step_number': 6, 'description': '낱가루가 남지 않도록 잘 섞어줍니다.', 'image_url': 'https://recipe1.ezmember.co.kr/cache/recipe/2022/10/16/e4cadf2352a56eb717a29086fa58e8e51.jpg'}, {'step_number': 7, 'description': '아몬드 30g, 캐슈넛 20g을 넣어주세요. 그리고 잘 섞어서 비스코티 반죽을 완성시켜 주세요.', 'image_url': 'https://recipe1.ezmember.co.kr/cache/recipe/2022/10/16/9bbad89023648308022cae1d83edaae41.jpg'}, {'step_number': 8, 'description': '반죽을 랩 위에 올려서 직사각형으로 도톰하게 모양을 내서 감싸주세요. 반죽은 나중에 구웠을때 부서지지 않으려면 밀도 있게 뭉쳐줘야해요. 그리고 냉장고에서 약 15분간 휴지시켜 주세요.', 'image_url': 'https://recipe1.ezmember.co.kr/cache/recipe/2022/10/16/35e66d1e1d3383bfb12e3952ea3fb98c1.jpg'}, {'step_number': 9, 'description': '휴지시킨 반죽을 예열한 오븐 200도에서 30분간 구워주세요.오븐', 'image_url': 'https://recipe1.ezmember.co.kr/cache/recipe/2022/10/16/ac44f77de9545d1911820e7e13c340491.jpg'}, {'step_number': 10, 'description': '30분 뒤에 구워진 비스코티를 꺼내서 식힘망에서 10분 이상 식혀주세요.', 'image_url': 'https://recipe1.ezmember.co.kr/cache/recipe/2022/10/16/eac44d6d2b41c67a4e582573134e5f961.jpg'}, {'step_number': 11, 'description': '잘 식힌 반죽을 적당한 두께로 잘라주세요.뜨거울때 자르면 부서질 수 있으니 꼭 식힌 후에 잘라주세요.', 'image_url': 'https://recipe1.ezmember.co.kr/cache/recipe/2022/10/16/9108381c558fd456971feacb43377f831.jpg'}, {'step_number': 12, 'description': '잘라 놓은 반죽의 단면이 위로 오도록 다시 오븐팬에 올려주세요. 그리고 200도에서 15분간 추가로 구워주세요.', 'image_url': 'https://recipe1.ezmember.co.kr/cache/recipe/2022/10/16/0494b6802df7eae8fd04527ea723a86b1.jpg'}, {'step_number': 13, 'description': '바삭바삭 맛있어 보이는 견과류 비스코티 완성이에요.', 'image_url': 'https://recipe1.ezmember.co.kr/cache/recipe/2022/10/16/a27c6ca726ec637f99f7971438e8865b1.jpg'}]"
168530,과자,간식,밀가루,굽기,향긋하고 고소한 호두 파운드케이크 만들기(+영상)｜효썸,호두파운드케이크,https://recipe1.ezmember.co.kr/cache/recipe/2020/01/24/61cd064ad0e14b88b26755f0068916811.jpg,"9,910",60분 이내,초급,2인분,"[('무염버터', '100g'), ('설탕', '100g'), ('달걀', '2개'), ('바닐라익스트랙', '1tsp'), ('인스턴트커피', '3g'), ('뜨거운 우유', '1Tsp'), ('박력분', '100g'), ('아몬드가루', '20g'), ('계피가루', '1/2tsp'), ('베이킹파우더', '1/2tsp'), ('호두', '50g')]","커피와 계피가루가 들어가 향긋하면서 중간에 오독오독 씹히는 고소한 호두의 조합이 정말 좋아요!!!
카페인에 예민하지 않으시면 꼭 커피도 같이 넣는 걸 추천합니다~^^(디카페인 커피로 대체하셔도 됩니다!!)

*2개 분량(15cm×8.5cm×4.3cm).","[{'step_number': 1, 'description': '볼에 말랑한 버터를 넣고 부드럽게 풀어준 다음 설탕을 넣고 충분히 섞어주세요(약간 볼륨이 생길 정도로).', 'image_url': 'https://recipe1.ezmember.co.kr/cache/recipe/2020/01/25/ab23b85894226d2d8003c047fa3cfeac1.jpg'}, {'step_number': 2, 'description': '버터가 분리되지 않도록 푼 달걀을 조금씩 넣어가면서 충분히 섞어주세요.달걀을 미리 실온에 꺼내둔 후 사용하면 덜 분리되요!', 'image_url': 'https://recipe1.ezmember.co.kr/cache/recipe/2020/01/25/ba6420d0a77fc6d69cc1160f4eaf65e61.jpg'}, {'step_number': 3, 'description': '바닐라익스트랙과 우유에 녹인 인스턴트커피를 넣고 잘 섞어주세요.', 'image_url': 'https://recipe1.ezmember.co.kr/cache/recipe/2020/01/25/182affff44128fa8ee1a11a7c44fbe4e1.jpg'}, {'step_number': 4, 'description': '박력분과 아몬드가루, 계피가루, 베이킹파우더를 체에 내려서 넣어주세요.', 'image_url': 'https://recipe1.ezmember.co.kr/cache/recipe/2020/01/25/f4c7c91c5d92bb1f5fe1b4e69d78f39a1.jpg'}, {'step_number': 5, 'description': '주걱으로 가르듯이 섞다가 가루가 약간 보일 때쯤에 다진 호두를 넣고 잘 섞어주세요.호두는 미리 굵게 다져주세요.', 'image_url': 'https://recipe1.ezmember.co.kr/cache/recipe/2020/01/25/0095183bdaf05c71c90577ea81cfe7b31.jpg'}, {'step_number': 6, 'description': '반죽을 70% 정도만 채워준 다음 평평하게 정리해주세요.2개 분량(15cm×8.5cm×4.3cm)', 'image_url': 'https://recipe1.ezmember.co.kr/cache/recipe/2020/01/25/aca23db8f4228a21322259bc4d37d7481.jpg'}, {'step_number': 7, 'description': '170℃로 예열한 오븐에 30~35분간 구워주세요.오븐10~15분 정도 굽다가 중간에 꺼내서 1cm 깊이로 가운데를 길게 칼집을 낸 후 다시 넣고 구워주면 윗면이 깔끔하게 갈라져요!', 'image_url': 'https://recipe1.ezmember.co.kr/cache/recipe/2020/01/25/bd19362a685d2945cd3fdd35d45825471.jpg'}]"
168531,과자,간식,밀가루,굽기,쉽고 간단한 땅콩버터 쿠키 만들기 | 안젤라 베이킹,땅콩버터쿠키,https://recipe1.ezmember.co.kr/cache/recipe/2019/06/26/40a4d3d23d4cf1d1817b00d0a028df921.jpg,"10,000",120분 이내,초급,5인분,"[('무염버터', '110g'), ('땅콩버터', '190g'), ('백설탕', '80g'), ('황설탕', '80g'), ('계란', '1개'), ('박력분', '250g'), ('베이킹소다', '1/2작은술'), ('베이킹파우더', '1/2작은술'), ('소금', '1/2작은술')]",땅콩버터를 좋아해서 몇개씩 사서 쟁여두곤 해요. 그래서 종종 땅콩버터를 이용한 쿠키를 만든답니다. 땅콩버터만큼 이 쿠키도 너무나 맛있어요. 저의 최애 쿠키이기도 하니까 꼭 만들어보세요.,"[{'step_number': 1, 'description': '실온에 1시간 정도 두어 말랑해진 버터를 휘퍼를 이용해 잘 풀어준다.', 'image_url': 'https://recipe1.ezmember.co.kr/cache/recipe/2019/06/26/78d9534c29c2b670a3ff752931cfa99a1.png'}, {'step_number': 2, 'description': '소금, 백설탕과 황설탕을 넣고 계속 휘퍼로 섞어준다.', 'image_url': 'https://recipe1.ezmember.co.kr/cache/recipe/2019/06/26/421df0765dbdc0fcc80dacedc5c89d8d1.png'}, {'step_number': 3, 'description': '(실온에 1시간 정도 꺼내두었던)계란 1개를 넣고 섞어준다.', 'image_url': 'https://recipe1.ezmember.co.kr/cache/recipe/2019/06/26/4ba34c679b328509462959182578f1421.png'}, {'step_number': 4, 'description': '땅콩버터를 넣고 섞어준다.', 'image_url': 'https://recipe1.ezmember.co.kr/cache/recipe/2019/06/26/cedc6e8c61d6488777fd829e103cfcc91.png'}, {'step_number': 5, 'description': '박력분, 베이킹소다, 베이킹파우더를 체에 쳐서 넣고 섞어준다.', 'image_url': 'https://recipe1.ezmember.co.kr/cache/recipe/2019/06/26/28d8648707acd6a0d541811345daa9b41.png'}, {'step_number': 6, 'description': '날가루가 보이지 않고 한 덩어리가 되면 반죽 끝이다.', 'image_url': 'https://recipe1.ezmember.co.kr/cache/recipe/2019/06/26/dec1b9b1fa6c0eb45bef9fca1be3b07c1.png'}, {'step_number': 7, 'description': '손으로 반죽을 지름 3cm정도의 구 모양으로 동그랗게 둥글려준다.', 'image_url': 'https://recipe1.ezmember.co.kr/cache/recipe/2019/06/26/e1b329695597c98d794e0af5c5a220361.png'}, {'step_number': 8, 'description': '포크를 이용해 격자무늬를 내준다.격자무늬가 싫다면 그냥 손바닥을 이용해 평평하게 눌러준다.', 'image_url': 'https://recipe1.ezmember.co.kr/cache/recipe/2019/06/26/00bf623c527100151aa2c89c70b52ec41.png'}, {'step_number': 9, 'description': '180도 예열된 오븐에서 10-12분간 구운 뒤 식힌다.오븐오븐마다 사양이 다르니 10분 구워주고 오븐을 열어서 확인하세요. 쿠키 상태에 따라 2-3분씩 추가해 구워가며 노릇노릇할때까지 구워주시면 됩니다.', 'image_url': 'https://recipe1.ezmember.co.kr/cache/recipe/2019/06/26/2bee3e6af22fcbc89dcc3fd244832e9f1.png'}]"
168532,과자,간식,밀가루,굽기,"버터의 풍미가 최고~! ""버터링쿠키"" 만들기 / 시중에 파는 것보다 훨씬 맛나요~^^ 100% 수작업 버터링쿠키♥",버터링쿠키,https://recipe1.ezmember.co.kr/cache/recipe/2018/07/30/4f42e52be15ab55226955e94c1caf9181.jpg,"13,090",30분 이내,아무나,6인분 이상,"[('버터', '100g'), ('슈가파우더                                                                                또는 설탕', '60g'), ('소금', '2g'), ('계란', '24g'), ('박력분', '140g')]","안녕하세요~!
오늘은 정말 간단하지만 어찌보면 어려울 수도 있는 맛있는 ""버터링쿠키""를 만들어 볼거에요!
바로 시작해볼까요?","[{'step_number': 1, 'description': '먼저 버터를 부드럽게 크림화 시켜줍니다.최대한 부드럽게 풀어주세요~ 모양 짤 때 편하답니다!', 'image_url': 'https://recipe1.ezmember.co.kr/cache/recipe/2018/07/30/9b156dace0fd7035ff00a6f04091fcc41.jpg'}, {'step_number': 2, 'description': '슈가파우더를 넣어 잘 섞어줍니다.', 'image_url': 'https://recipe1.ezmember.co.kr/cache/recipe/2018/07/30/56ebdc5be4ebfa486d5d79c627cb18931.jpg'}, {'step_number': 3, 'description': '계란을 나눠 넣어가며 섞어주세요.', 'image_url': 'https://recipe1.ezmember.co.kr/cache/recipe/2018/07/30/b07ab82a0ac68179b9978fe7e502c2861.jpg'}, {'step_number': 4, 'description': '박력분과 소금을 체 쳐 넣어주어 반죽을 완성해줍니다~', 'image_url': 'https://recipe1.ezmember.co.kr/cache/recipe/2018/07/30/c6083dd962b6336c1bf22f2c41513b261.jpg'}, {'step_number': 5, 'description': '짤주머니에 담아 원하는 모양으로 짜준 뒤, 180°C 오븐에서 10~15분간 구워주면 완성~!오븐', 'image_url': 'https://recipe1.ezmember.co.kr/cache/recipe/2018/07/30/539e035dd4ef51df648c1e0505356b1e1.jpg'}]"
168533,과자,간식,밀가루,굽기,초간단! 달콤 바삭한 마시멜로우쿠키 만들기,마시멜로우쿠키,https://recipe1.ezmember.co.kr/cache/recipe/2016/06/18/c5505f80b8a227bdca7d55f063d7fa161.jpg,"26,973",90분 이내,아무나,2인분,"[('마시멜로우', '적당량'), ('아몬드                                                                                생략가능', '적당량')]",마시멜로우가 흰자와 설탕으로 만들어서 그런가 머랭쿠키랑 맛이 같아요!,"[{'step_number': 1, 'description': '사용할 마시멜로우의 크기가 작으면 그대로 사용하고, 크면 2등분해서 사용해주세요.(저는 2등분해서 사용했습니다.)', 'image_url': 'https://recipe1.ezmember.co.kr/cache/recipe/2016/06/18/65790dad3d05dde09c448e97806af1d31.jpg'}, {'step_number': 2, 'description': '종이호일을 깐 오븐 팬 위에 간격을 두며 올려주세요.', 'image_url': 'https://recipe1.ezmember.co.kr/cache/recipe/2016/06/18/33f3f4b991aa48db4b2a6a1b527228741.jpg'}, {'step_number': 3, 'description': '120℃에서 12분간 살짝 구워주세요.', 'image_url': 'https://recipe1.ezmember.co.kr/cache/recipe/2016/06/18/0c27507c31f188792a5059ceac7f5adb1.jpg'}, {'step_number': 4, 'description': '마시멜로우가 녹았으면 가운데에 아몬드를 박아주세요.', 'image_url': 'https://recipe1.ezmember.co.kr/cache/recipe/2016/06/18/a8f661b84260fb4e519bade01dc4a8941.jpg'}, {'step_number': 5, 'description': '120℃에서 50분간 구워주세요.', 'image_url': 'https://recipe1.ezmember.co.kr/cache/recipe/2016/06/18/d52ada3a39a266c0fc4b9fd4957938381.jpg'}, {'step_number': 6, 'description': '따뜻할 때는 약하니깐 만지지마세요!\n식으면서 단단해져요.', 'image_url': 'https://recipe1.ezmember.co.kr/cache/recipe/2016/06/18/c4c5f5427cc86b18617be196078fb28a1.jpg'}, {'step_number': 7, 'description': '완전히 식은 후에 떼어주세요!', 'image_url': 'https://recipe1.ezmember.co.kr/cache/recipe/2016/06/18/f0fc9673386b45596a0f3d67452d1bd61.jpg'}, {'step_number': 8, 'description': '깔끔~', 'image_url': 'https://recipe1.ezmember.co.kr/cache/recipe/2016/06/18/a0b3ca397b16ced52e3050e0994fd9231.jpg'}]"
168534,과자,간식,밀가루,굽기,애플 크럼블 쿠키 만들기｜효썸,애플크럼블쿠키,https://recipe1.ezmember.co.kr/cache/recipe/2019/03/17/01628de5ec0f7ab9d4e1bb1e12514c9a1.jpg,"14,189",120분 이내,초급,6인분 이상,"[('사과', '1개'), ('설탕', '50g'), ('계피가루', '1/2tsp'), ('박력분', '90g'), ('아몬드가루', '10g'), ('베이킹파우더', '1/4tsp'), ('설탕', '45g'), ('차가운 무염버터', '60g'), ('달걀', '10g'), ('바닐라익스트랙', '1/2tsp'), ('무염버터', '60g'), ('설탕', '40g'), ('달걀', '20g'), ('바닐라익스트랙', '1/2tsp'), ('박력분', '120g'), ('아몬드가루', '15g')]","식감은 바삭바삭하고, 맛은 달콤하면서 고소하고 향긋해요~!!^^
커피랑 같이 먹으면 향과 맛이 더 좋아져요!!

*16~18개 분량.","[{'step_number': 1, 'description': '[사과잼] 사과는 취향에 따라 조각을 내거나 곱게 갈아서 사용해주세요.\n프라이팬에 손질한 사과와 계피가루, 설탕을 넣고 중약불로 졸여주세요.저는 사과와 계피가루를 믹서에 넣고 곱게 갈아서 사용했습니다.', 'image_url': 'https://recipe1.ezmember.co.kr/cache/recipe/2019/03/15/a29ba9c4926fba4e8a0b1e96e95199ab1.jpg'}, {'step_number': 2, 'description': '계속 저어가면서 졸여주세요.', 'image_url': 'https://recipe1.ezmember.co.kr/cache/recipe/2019/03/15/717ca908c7afe6f28dc2348f11a88fb31.jpg'}, {'step_number': 3, 'description': '처음보다 수분이 많이 줄어들면 불을 끄고, 그릇에 옮겨 식혀주세요.처음에는 수분이 나와 끓는 게 보였다면, 수분이 없는 상태가 되면 볶아진다? 라는 느낌이 들겁니다.', 'image_url': 'https://recipe1.ezmember.co.kr/cache/recipe/2019/03/15/b05903a95f168bf9a513e0346792b8581.jpg'}, {'step_number': 4, 'description': '[스트로이젤] 볼에 박력분과 베이킹파우더, 아몬드가루를 체에 내려서 넣고, 설탕도 넣어주세요. 그런 다음 거품기로 골고루 섞어주세요.', 'image_url': 'https://recipe1.ezmember.co.kr/cache/recipe/2019/03/15/02a8e24ca0d0579acccc7bb71554205d1.jpg'}, {'step_number': 5, 'description': '사방 1cm 크기로 썬 차가운 버터를 넣고만들기 전 미리 버터를 썰어서 냉장고에 차갑게 넣어두세요.', 'image_url': 'https://recipe1.ezmember.co.kr/cache/recipe/2019/03/15/c81156069e8150fde1f8a6d958b248dc1.jpg'}, {'step_number': 6, 'description': '스크래퍼로 다지듯이 섞어주세요.', 'image_url': 'https://recipe1.ezmember.co.kr/cache/recipe/2019/03/15/d0b7f3f787e70f4468be0f06165fdc441.jpg'}, {'step_number': 7, 'description': '버터가 팥알 크기 정도가 되면 그만 다져주세요.', 'image_url': 'https://recipe1.ezmember.co.kr/cache/recipe/2019/03/15/c13de49fb1614b4d50a2c3fb2177990f1.jpg'}, {'step_number': 8, 'description': '달걀과 바닐라익스트랙을 넣고 주걱으로 가르듯이 섞어주세요.버터가 녹지 않도록 빠르게 작업해주세요.', 'image_url': 'https://recipe1.ezmember.co.kr/cache/recipe/2019/03/15/8eebaaae5edf4d29880f45e5bc52c1061.jpg'}, {'step_number': 9, 'description': '보슬보슬한 상태로 완성이 되면 사용하기 전까지 냉장고에 넣어두세요.', 'image_url': 'https://recipe1.ezmember.co.kr/cache/recipe/2019/03/15/5ff3cb22d129b1f538a36a6cc5098a9e1.jpg'}, {'step_number': 10, 'description': '[쿠키반죽] 볼에 말랑한 버터를 넣고 부드럽게 풀어준 다음 설탕을 넣고 충분히 섞어주세요.', 'image_url': 'https://recipe1.ezmember.co.kr/cache/recipe/2019/03/15/531db7e774c6c34973a32d6b7411e0381.jpg'}, {'step_number': 11, 'description': '달걀과 바닐라익스트랙을 넣고 잘 섞어주세요.달걀은 조금씩 넣어가며 섞어주세요.', 'image_url': 'https://recipe1.ezmember.co.kr/cache/recipe/2019/03/15/5eb95f9c3855712de71c117bbb2086941.jpg'}, {'step_number': 12, 'description': '박력분과 아몬드가루를 체에 내려서 넣어주세요.', 'image_url': 'https://recipe1.ezmember.co.kr/cache/recipe/2019/03/15/e19f91d394b9f918effab1c58ce447221.jpg'}, {'step_number': 13, 'description': '주걱으로 가르듯이 섞다가 보슬보슬해지면 가볍게 한 덩어리로 뭉쳐주세요.', 'image_url': 'https://recipe1.ezmember.co.kr/cache/recipe/2019/03/15/101c6554969fa2898aecd113ded9e2f51.jpg'}, {'step_number': 14, 'description': '완성된 반죽은 냉장고에 30분간 휴지시켜주세요.', 'image_url': 'https://recipe1.ezmember.co.kr/cache/recipe/2019/03/15/7181cfa2abcf86615808e8d24edb43671.jpg'}, {'step_number': 15, 'description': '휴지가 끝나면 반죽을 0.3cm 두께로 밀고, 지름 5.5cm 크기의 쿠키커터로 찍어주세요.사용할 머핀팬 밑면 크기에 따라 쿠키커터를 사용해주세요.', 'image_url': 'https://recipe1.ezmember.co.kr/cache/recipe/2019/03/15/f0516d5eb3d90ad88bb7bfa5f07d39b71.jpg'}, {'step_number': 16, 'description': '쿠키반죽을 머핀팬에 넣어주세요.', 'image_url': 'https://recipe1.ezmember.co.kr/cache/recipe/2019/03/15/a15666e22cc35b4f1ba70d795cb9f25f1.jpg'}, {'step_number': 17, 'description': '사과잼을 1tsp씩 중앙에 올려주세요.', 'image_url': 'https://recipe1.ezmember.co.kr/cache/recipe/2019/03/15/9509d51d8684fc4e8813900b6e2570be1.jpg'}, {'step_number': 18, 'description': '스트로이젤은 1T씩 넣고 손으로 평평하게 눌러주세요.', 'image_url': 'https://recipe1.ezmember.co.kr/cache/recipe/2019/03/15/ba5dad58f5ffb903a982c418a888c2ac1.jpg'}, {'step_number': 19, 'description': '170℃로 예열한 오븐에 15~18분간 구워주세요.오븐적당히 식힌 후 천천히 뒤집어서 분리해주세요.', 'image_url': 'https://recipe1.ezmember.co.kr/cache/recipe/2019/03/15/5274dfa17c0037edd082f694e3ffea4c1.jpg'}]"
168535,과자,간식,밀가루,굽기,따뜻한 차 한잔과 함께해요 크림치즈쇼트브레드쿠키,크림치즈쇼트브레드쿠키,https://recipe1.ezmember.co.kr/cache/recipe/2016/12/16/75e1cdb4059cc4f5e3ca842a15729f8d1.jpg,"33,312",2시간 이상,초급,4인분,"[('무염버터', '60g'), ('크림치즈', '55g'), ('설탕', '45g'), ('박력분', '120g'), ('아몬드가루', '80g'), ('소금', '1g')]","크림치즈의 풍부하고 고소한맛으로
맛있는 티타임 보내세요♥
세상의 모든 레시피 만개의레시피","[{'step_number': 1, 'description': '실온에 둔 버터와 크림치즈를 크림화한다.무염버터 60g, 크림치즈 55g', 'image_url': 'https://recipe1.ezmember.co.kr/cache/recipe/2016/12/16/2538e7ffb6f8c555542e390e91a4a1821.jpg'}, {'step_number': 2, 'description': '크림화한 버터와 크림치즈에 설탕, 소금을 넣는다.설탕 45g, 소금 1g', 'image_url': 'https://recipe1.ezmember.co.kr/cache/recipe/2016/12/16/ab2b93db2d6154a7f1c86f565a7c2eb21.jpg'}, {'step_number': 3, 'description': '2에 박력분, 아몬드가루를 체쳐 넣는다.박력분 120g, 아몬드가루 80g', 'image_url': 'https://recipe1.ezmember.co.kr/cache/recipe/2016/12/16/5ba74e4c691ea7894ac4726fa7e8e2631.jpg'}, {'step_number': 4, 'description': '한 덩어리로 만든 후 비닐에 넣어 직사각형 모양으로 만든다.비닐', 'image_url': 'https://recipe1.ezmember.co.kr/cache/recipe/2016/12/16/31343612d0288d03f1cd62655d004f131.jpg'}, {'step_number': 5, 'description': '냉장고에서 2시간 휴지시킨다.냉장고', 'image_url': 'https://recipe1.ezmember.co.kr/cache/recipe/2016/12/16/090e91e0250a4de9a218d42ad1f559cc1.jpg'}, {'step_number': 6, 'description': '휴지시킨 반죽을 2cm 간격으로 자른다.', 'image_url': 'https://recipe1.ezmember.co.kr/cache/recipe/2016/12/16/318abd716fc57ad7fb069a5b331e291d1.jpg'}, {'step_number': 7, 'description': '젓가락을 이용해 모양을 낸다.젓가락', 'image_url': 'https://recipe1.ezmember.co.kr/cache/recipe/2016/12/16/550e3607b2b46317856497b1b438574d1.jpg'}, {'step_number': 8, 'description': '170도로 예열된 오븐에 넣고 약 20-25분간 구워 완성한다.오븐', 'image_url': 'https://recipe1.ezmember.co.kr/cache/recipe/2016/12/16/f9298bb381092d03c56adb007613bb421.jpg'}]"
168536,과자,간식,밀가루,굽기,"No오븐, 초간단 허니버터러스크 만들기!",허니버터러스크,https://recipe1.ezmember.co.kr/cache/recipe/2015/12/06/78e010db7eac7f3e3ea1fb89ef19e9991.jpg,"40,385",10분 이내,아무나,1인분,"[('식빵                                                                                자투리 식빵도 가능', '2장'), ('황설탕', '1T'), ('꿀', '1/2T'), ('버터', '1T')]",오븐없이도 러스크를 만들수 있어요~ 오븐 없는 제가 간단한 간식 만들어먹을 때 자주 이렇게 만든답니다! 달콤한 겨울 간식으로 제격인 러스크! 꿀과 버터를 곁들인 러스크 만들어보세요 :),"[{'step_number': 1, 'description': '재료를 준비해주세요. 얼려둔 식빵을 이용했습니다.', 'image_url': 'https://recipe1.ezmember.co.kr/cache/recipe/2015/12/06/4fb66e1da0bcc53ba3a3e75903bdfa6e1.jpg'}, {'step_number': 2, 'description': '러스크는 바삭해야하기 때문에, 토스트기로 미리 한 번 굽습니다.', 'image_url': 'https://recipe1.ezmember.co.kr/cache/recipe/2015/12/06/e121055e0b458b4a4c495e5bd1bf546a1.jpg'}, {'step_number': 3, 'description': '빵은 먹기 좋은 좋은 크기로 잘라 준비합니다.', 'image_url': 'https://recipe1.ezmember.co.kr/cache/recipe/2015/12/06/65df81d787343ca244fef3cde1532f531.jpg'}, {'step_number': 4, 'description': '팬에 버터를 녹여주세요! 버터는 잘 타기 때문에 약불에서 천천히 녹입니다.', 'image_url': 'https://recipe1.ezmember.co.kr/cache/recipe/2015/12/06/3b80863ede40b3685ee2b230fb0cd0db1.jpg'}, {'step_number': 5, 'description': '버터가 다 녹으면 꿀 반스푼도 넣고 함께 섞어줍니다.', 'image_url': 'https://recipe1.ezmember.co.kr/cache/recipe/2015/12/06/158925aeebd8941abba5c083b7360f951.jpg'}, {'step_number': 6, 'description': '잘라놓은 빵을 팬에 넣어주세요.', 'image_url': 'https://recipe1.ezmember.co.kr/cache/recipe/2015/12/06/27c8356bde6ed312f440b8f7f17a6aa01.jpg'}, {'step_number': 7, 'description': '앞 뒤로 버터와 꿀을 잘 묻혀주세요. 마지막은 중강불로 바삭하게 구워 마무리합니다.', 'image_url': 'https://recipe1.ezmember.co.kr/cache/recipe/2015/12/06/4d0c27b44f9a3d53823dd95f94acfb3d1.jpg'}, {'step_number': 8, 'description': '기름종이 위에 놓고 잠시 식힙니다.', 'image_url': 'https://recipe1.ezmember.co.kr/cache/recipe/2015/12/06/7700707721208dd1e70fb060cad914311.jpg'}, {'step_number': 9, 'description': '설탕을 고루 뿌려 마무리합니다.', 'image_url': 'https://recipe1.ezmember.co.kr/cache/recipe/2015/12/06/f39d74b1af791e4c4a4af83c5aed17961.jpg'}]"
168537,과자,간식,밀가루,굽기,"바삭바삭 고소, 달콤한 오트밀초코쿠키",오트밀초코쿠키,https://recipe1.ezmember.co.kr/cache/recipe/2015/10/12/14c41dd7294f91491bc5ec86afb6e2011.jpg,"23,361",60분 이내,아무나,3인분,"[('박력분', '150g'), ('베이킹파우더', '2g'), ('버터', '100g'), ('황설탕', '100g'), ('소금', '1꼬집'), ('계란', '1개'), ('오트밀', '150g'), ('초코청크', '70g')]","일요일이긴하지만 저희집 남자들 모두 나가고, 저는 또 시험때문에 열심히 열공모드였다가 아랫층에서 올라오는 튀김향기가 어찌나 좋던지 저도 모르게 냉장고를 뒤적뒤적~
하지만 마땅한 튀김거리가 없어서 그냥 커피나 한잔 마셔야겠다싶었는데, 그때, 제 눈에 오트밀이 보이길래 달콤한 초코청크를 넣고 오트밀쿠키를 만들었어요.","[{'step_number': 1, 'description': '실온에 두었던 버터를 부드럽게 풀어준뒤 황설탕을 3번에 걸쳐서 넣고 섞어주세요. 이때, 소금도 함께 섞어주시구요.', 'image_url': 'https://recipe1.ezmember.co.kr/cache/recipe/2015/10/13/fc9d8ba904494aaef16cf2a2c3ca38311.jpg'}, {'step_number': 2, 'description': '계란을 넣고 섞어주세요.', 'image_url': 'https://recipe1.ezmember.co.kr/cache/recipe/2015/10/13/7d93309abbe36d28b7b3b8373aa3032a1.jpg'}, {'step_number': 3, 'description': '1번 체친 가루들을 한번 더 체치면서 넣고 섞어주세요.', 'image_url': 'https://recipe1.ezmember.co.kr/cache/recipe/2015/10/13/e716ef79acf8a75cfaba30d81c9160b01.jpg'}, {'step_number': 4, 'description': '오트밀, 초코청크를 넣고 날가루가 보이지않을때까지 섞어주세요.', 'image_url': 'https://recipe1.ezmember.co.kr/cache/recipe/2015/10/13/3c09465262fc0944f3b272c6c48cc4541.jpg'}, {'step_number': 5, 'description': '유산지를 깐 오븐팬위에 적당하게 팬닝해주세요. 180도로 예열된 오븐에서 16~18분정도 구워주세요.오븐', 'image_url': 'https://recipe1.ezmember.co.kr/cache/recipe/2015/10/13/ac5c591206e86f61270398ea9bad73601.jpg'}]"
168538,과자,간식,밀가루,굽기,부자되는 금괴과자 휘낭시에를 만들어봐요 쵸코휘낭시에,초코휘낭시에,https://recipe1.ezmember.co.kr/cache/recipe/2019/10/12/51b3749c2f2b218a00feee1e34c4f6e91.jpg,"7,934",120분 이내,초급,3인분,"[('버터', '120g'), ('흰자', '110g'), ('슈거파우더', '120g'), ('중력분', '40g'), ('아몬드파우더', '50g'), ('코코아파우더', '8g')]","피낭시에는 프랑스어로 금융업자라는 라는 의미를 가지고 있고

증권거래소 직원들을 위해서 만들었다는 이야기가 있어요

금괴모양을 닮아서 부자되라는 선물용으로도 많아 선물해요

만들어서 주변지인들에게 선물해 보세요","[{'step_number': 1, 'description': '냄비에 버터를 넣고 갈색빛나게 살짝 태워주세요', 'image_url': 'https://recipe1.ezmember.co.kr/cache/recipe/2019/10/12/03c4b9c44a435fc5ee38057e9a15ebee1.jpg'}, {'step_number': 2, 'description': '휘낭시에 팬에 버터를 바르고 밀가루를 뿌려 준비해 주세요', 'image_url': 'https://recipe1.ezmember.co.kr/cache/recipe/2019/10/12/e9c57d6d4edf7e900eccb42a944d57651.jpg'}, {'step_number': 3, 'description': '흰자에 슈거파우더를 넣고 살짝거품이 나도록 섞어주세요', 'image_url': 'https://recipe1.ezmember.co.kr/cache/recipe/2019/10/12/d5e11d2220820e7d6b0c27c6d60941fe1.jpg'}, {'step_number': 4, 'description': '아몬드파우더,코코아파우더,중력분을 넣고 섞어주세요', 'image_url': 'https://recipe1.ezmember.co.kr/cache/recipe/2019/10/12/4001becef5c4340321b66ba31619a6a51.jpg'}, {'step_number': 5, 'description': '태운버터를넣고 잘섞은후에 냉장고에서 한시간 정도 휴지시켜 주세요', 'image_url': 'https://recipe1.ezmember.co.kr/cache/recipe/2019/10/12/e8ad33fac1c643e56e505b2679ce7c4b1.jpg'}, {'step_number': 6, 'description': '냉장고에서 꺼내 살짤 풀어준후 짤주머니에 담아 주세요', 'image_url': 'https://recipe1.ezmember.co.kr/cache/recipe/2019/10/12/c9807d93f65f18ce45a8a91d32935a4d1.jpg'}, {'step_number': 7, 'description': '틀에 60~70%정도 채운후 170도로 예열된 오븐에 15분정도 구워주세요오븐', 'image_url': 'https://recipe1.ezmember.co.kr/cache/recipe/2019/10/12/2c17a392f4f1feb176e6ffd60666a5aa1.jpg'}]"
168539,과자,간식,밀가루,굽기,피자치즈 쿠키 만들기｜효썸,피자치즈쿠키,https://recipe1.ezmember.co.kr/cache/recipe/2019/03/31/1967db38ca26f613fdb9fd20eae3f4521.jpg,"4,055",120분 이내,아무나,4인분,"[('무염버터', '60g'), ('설탕', '40g'), ('노른자', '1개'), ('피자치즈', '60g'), ('박력분', '100g'), ('파마산 치즈가루', '35g')]","원래 레시피는 피자치즈만 넣고 만드는 건데... 치즈의 향과 맛이 잘 안 느껴져서 치즈가루를 넣어 만드는 걸로 수정했습니다!

*20개 분량(지름 5.5cm).","[{'step_number': 1, 'description': '피자치즈는 잘게 다져서 사용해주세요.', 'image_url': 'https://recipe1.ezmember.co.kr/cache/recipe/2019/04/01/5a36fceabbf4302b7f64a473c9384b8b1.jpg'}, {'step_number': 2, 'description': '볼에 말랑한 버터를 넣고 부드럽게 풀어준 다음 설탕을 넣고 충분히 섞어주세요.', 'image_url': 'https://recipe1.ezmember.co.kr/cache/recipe/2019/04/01/8b625d35ce47d99bd351d24192da02d71.jpg'}, {'step_number': 3, 'description': '노른자를 넣고 잘 섞어주세요.', 'image_url': 'https://recipe1.ezmember.co.kr/cache/recipe/2019/04/01/d8ac7218b8a9d8e417f3bc866efd142c1.jpg'}, {'step_number': 4, 'description': '다진 피자치즈를 넣고 잘 섞어주세요.', 'image_url': 'https://recipe1.ezmember.co.kr/cache/recipe/2019/04/01/e43fa4c2e1ea700ce50b11ddd36370ac1.jpg'}, {'step_number': 5, 'description': '박력분과 파마산 치즈가루를 체에 내려서 넣어주세요.', 'image_url': 'https://recipe1.ezmember.co.kr/cache/recipe/2019/04/01/4bb117cfb717f67f2a6e7da50246bb901.jpg'}, {'step_number': 6, 'description': '주걱으로 가르듯이 섞다가 뭉쳐지기 시작할 때 가볍게 한 덩어리로 반죽해주세요.', 'image_url': 'https://recipe1.ezmember.co.kr/cache/recipe/2019/04/01/fc3433e93711807a916be549b1bfd62e1.jpg'}, {'step_number': 7, 'description': '완성된 반죽은 냉장고에 30분간 휴지시켜주세요.', 'image_url': 'https://recipe1.ezmember.co.kr/cache/recipe/2019/04/01/f734811ae271dc786f3c4046f540b04d1.jpg'}, {'step_number': 8, 'description': '휴지가 끝나면 반죽을 0.3cm 두께로 밀어주고, 지름 5.5cm 크기의 쿠키커터로 찍어주세요.', 'image_url': 'https://recipe1.ezmember.co.kr/cache/recipe/2019/04/01/33a9d039b911e1cbc91da06143076ef61.jpg'}, {'step_number': 9, 'description': '구워지면서 치즈가 흘러나올 수 있으니 머핀 팬에 넣고 굽는 게 좋아요!', 'image_url': 'https://recipe1.ezmember.co.kr/cache/recipe/2019/04/01/c2a9e693c36416b6640350c710d60ac01.jpg'}, {'step_number': 10, 'description': '170℃로 예열한 오븐에 12~15분간 구워주세요.오븐', 'image_url': 'https://recipe1.ezmember.co.kr/cache/recipe/2019/04/01/ddbb13c3b6e560970a176da0e71f88341.jpg'}]"
168540,과자,간식,밀가루,굽기,바삭! 사르르~ 얼그레이 사브레 쿠키,얼그레이사브레쿠키,https://recipe1.ezmember.co.kr/cache/recipe/2019/10/22/a52bb0d05d3b2877551c2c83bc8dfb971.jpg,"3,178",120분 이내,초급,4인분,"[('실온 무염버터', '100g'), ('슈가 파우더', '40g'), ('실온 계란 노른자', '1개'), ('박력분', '125g'), ('아몬드가루', '30g'), ('소금', '1g'), ('얼그레이 찻잎                                                                                갈아서 사용', '2g'), ('계란 흰자', '조금'), ('설탕', '조금')]",입안에서 사르르 부서지는 식감에 은은하게 퍼지는 얼그레이 향! 얼그레이 쿠키와 따뜻한 차 한 잔의 여유를 즐겨 보세요!,"[{'step_number': 1, 'description': '실온 무염버터와 슈가 파우더를 넣고 섞어 주세요', 'image_url': 'https://recipe1.ezmember.co.kr/cache/recipe/2019/10/22/eb4dabd2f0b380017d7c1d01992831431.jpg'}, {'step_number': 2, 'description': '실온 계란 노른자를 넣고 섞어 주세요', 'image_url': 'https://recipe1.ezmember.co.kr/cache/recipe/2019/10/22/79d5d8d0e08c78c21b7201c88309c91e1.jpg'}, {'step_number': 3, 'description': '박력분, 아몬드 가루, 소금, 얼그레이 찻잎을 체 쳐서 넣어 주세요', 'image_url': 'https://recipe1.ezmember.co.kr/cache/recipe/2019/10/22/9d80944ab407002d08b5852091bcc91b1.jpg'}, {'step_number': 4, 'description': '날가루가 보이지 않을 때까지 반죽을 가르듯이 잘라 주세요', 'image_url': 'https://recipe1.ezmember.co.kr/cache/recipe/2019/10/22/148e3e4f4efe342df5f570344a34e6511.jpg'}, {'step_number': 5, 'description': '반죽이 한 덩이가 되도록 뭉쳐 주세요', 'image_url': 'https://recipe1.ezmember.co.kr/cache/recipe/2019/10/22/9c903e7c544ccf90540d1001a10e652a1.jpg'}, {'step_number': 6, 'description': '반죽이 한 덩이가 되면 여러 번 치대어 주세요(너무 많이 치대지 말아 주세요)', 'image_url': 'https://recipe1.ezmember.co.kr/cache/recipe/2019/10/22/a2b168bfdb925be806210ed7cc3b70ff1.jpg'}, {'step_number': 7, 'description': '지름 3cm 크기로 반죽을 밀어 주세요', 'image_url': 'https://recipe1.ezmember.co.kr/cache/recipe/2019/10/22/8aea0c1cf66f95b4fcefff8eaae3bb431.jpg'}, {'step_number': 8, 'description': '유산지나 종이 호일에 반죽을 감싼 후, 냉동실에서 1시간 동안 굳혀 주세요', 'image_url': 'https://recipe1.ezmember.co.kr/cache/recipe/2019/10/22/43a6cac296a3324d9a25cfd8d8afe7681.jpg'}, {'step_number': 9, 'description': '반죽에 계란 흰자를 붓으로 바른 뒤, 설탕을 묻혀 주세요', 'image_url': 'https://recipe1.ezmember.co.kr/cache/recipe/2019/10/22/b5dcaf46adca52b4c5fc31b6e0e2af371.jpg'}, {'step_number': 10, 'description': '두께 1cm 정도로 반죽을 잘라 주세요', 'image_url': 'https://recipe1.ezmember.co.kr/cache/recipe/2019/10/22/3595061d5f1ca1f8eeb648a96f7b6d7d1.jpg'}, {'step_number': 11, 'description': '베이킹 시트를 깐 철판 위에 자른 반죽을 올려 주세요(많이 퍼지는 쿠키는 아니예요)', 'image_url': 'https://recipe1.ezmember.co.kr/cache/recipe/2019/10/22/d679133a8fe245f88b2cfdd8ebf876c61.jpg'}, {'step_number': 12, 'description': '180 °C에서 15-18분간 구워 주세요(오븐에 따라 온도와 시간은 다를 수 있습니다)오븐', 'image_url': 'https://recipe1.ezmember.co.kr/cache/recipe/2019/10/22/3f24998d1a7692e11a1183639b30d0ac1.jpg'}, {'step_number': 13, 'description': '5분 간 팬에 그대로 둔 후, 식힘망으로 옮겨 식혀 주세요', 'image_url': 'https://recipe1.ezmember.co.kr/cache/recipe/2019/10/22/962859629c78d18e2412f17f1de8f0091.jpg'}, {'step_number': 14, 'description': '맛있게 드세요!', 'image_url': 'https://recipe1.ezmember.co.kr/cache/recipe/2019/10/22/3d3125f1e6b6819dc93a791b3e895a0a1.jpg'}]"
168541,과자,간식,밀가루,굽기,집에서 만드는 엄마표 버터링쿠키,버터링쿠키,https://recipe1.ezmember.co.kr/cache/recipe/2015/07/03/545e90824ef631022efcd7bc5699b80a1.jpg,"25,579",60분 이내,중급,2인분,"[('박력분', '100g'), ('아몬드가루', '30g'), ('버터', '85g'), ('슈가파우더', '40g'), ('달걀', '1/2개'), ('소금', '약간')]","집에서 엄마가 안심할 수 있는 재료로 정성껏 만들어주는 엄마표간식
버터링쿠키 입니다.
아이간식으로도 좋고 선물하기도 딱이랍니다.","[{'step_number': 1, 'description': '(20~24개 기준)\n버터를 실온에 두어 말랑한 포마드상태가 되게한 다음 풀어 크림화해주세요.\n슈거파우더와 소금(한꼬집)을 넣고 잘 섞어주세요', 'image_url': 'https://recipe1.ezmember.co.kr/cache/recipe/2015/07/14/14cdaa44702720f83d5c51ac948307ca1.jpg'}, {'step_number': 2, 'description': '풀어서 실온에 둔 달걀을 넣고 잘 섞어주세요.\n양이 적어서 2번정도 나눠 섞어주심 되요.', 'image_url': 'https://recipe1.ezmember.co.kr/cache/recipe/2015/07/14/e72c1be7362080d812baf6dfac5f519c1.jpg'}, {'step_number': 3, 'description': '박력분과 아몬드가루를 체쳐넣고 주걱으로 가르듯 섞어주세요.', 'image_url': 'https://recipe1.ezmember.co.kr/cache/recipe/2015/07/14/6b503710554f49c855a8a38a1ee25da11.jpg'}, {'step_number': 4, 'description': '짤주머니에 반죽을 담아 동그랗게 짜준 다음\n180도로 예열된 오븐에서 15~20분정도 구워냅니다.\n오븐에따라 다르니깐 시간은 조절하셔요.오븐', 'image_url': 'https://recipe1.ezmember.co.kr/cache/recipe/2015/07/14/0111d7d5d419ecc03b3f6758aeab36aa1.jpg'}]"
168542,과자,간식,밀가루,굽기,달콤한 초코칩 츄잉쿠키,초코칩쿠키,https://recipe1.ezmember.co.kr/cache/recipe/2015/06/24/6fca117c0ac4d7b36d8f820ef89af66b.jpg,"10,944",60분 이내,중급,2인분,"[('버터', '70g'), ('비정제황설탕', '125g'), ('달걀', '55g'), ('소금', '2g'), ('우리밀 중력분', '90g'), ('베이킹소다', '4g'), ('리얼다크초코칩', '80g'), ('호두', '30g')]",쫀득쫀득 달콤한 초코칩 추잉쿠키 소개합니다.,"[{'step_number': 1, 'description': '실온에 두어 말랑해진 버터를 볼에 담아 부드럽게 풀어주고, 설탕과 소금을 넣어서 골고루 휘핑해주세요.', 'image_url': 'https://recipe1.ezmember.co.kr/cache/recipe/2015/06/24/224c84d672d0fd982c2ac9f1b483c1181.jpg'}, {'step_number': 2, 'description': '설탕의 사그락 거림이 잦아들면 달걀을 넣어 충분히 섞어줍니다.', 'image_url': 'https://recipe1.ezmember.co.kr/cache/recipe/2015/06/24/1b1923158e1bd1a01e05bc280946c27a1.jpg'}, {'step_number': 3, 'description': '체친 가루류를 넣어서 고무주걱으로 자르듯이 섞어줍니다.', 'image_url': 'https://recipe1.ezmember.co.kr/cache/recipe/2015/06/24/d1f1ce779d8c45ab0eab3be288668a921.jpg'}, {'step_number': 4, 'description': '날가루가 거의 보이지 않으면 초코칩과 호두를 넣어서 가볍게 섞어주세요.', 'image_url': 'https://recipe1.ezmember.co.kr/cache/recipe/2015/06/24/0efb58c956a5a268f65498660540c8e41.jpg'}, {'step_number': 5, 'description': '반죽이 완성되면 윗면에 랩을 덮어서 1~2시간 냉장고에 넣어 휴지를 시켜줍니다.', 'image_url': 'https://recipe1.ezmember.co.kr/cache/recipe/2015/06/24/ccf229ee4767a2e56ad6797bf7faed751.jpg'}, {'step_number': 6, 'description': '휴지를 마친 반죽은 약 40g씩 떼어서 둥글려 팬에 얹어줍니다. 180℃로 미리 예열해둔 오븐에 넣어서 11~12분간 구워주세요.오븐', 'image_url': 'https://recipe1.ezmember.co.kr/cache/recipe/2015/06/24/9a11918a225d05e0369fcadf295c70ef1.jpg'}, {'step_number': 7, 'description': '완성된 초코칩 츄잉쿠키입니다.', 'image_url': 'https://recipe1.ezmember.co.kr/cache/recipe/2015/06/24/4cec21cf81794e064012cd9eb4c75b671.jpg'}]"
168543,과자,간식,밀가루,굽기,치즈쿠키/ 부드럽고 진한 치즈쿠키,None,https://recipe1.ezmember.co.kr/cache/recipe/2016/05/08/8311918065285281251d838af69b6f8d1.jpg,"11,306",None,None,None,"[('버터                                                                                3T', '60g'), ('설탕                                                                                4T', '40g'), ('노른자', '1개'), ('박력분                                                                                1컵', '100g'), ('치즈 가루                                                                                3T', '30g')]",,[]
168544,과자,간식,밀가루,굽기,두부과자,두부과자,https://recipe1.ezmember.co.kr/cache/recipe/2015/11/04/dec1377768c7b05100541a6e6d106c811.jpg,"32,383",60분 이내,초급,6인분 이상,"[('두부', '200g'), ('박력분', '250g'), ('계란', '1개'), ('설탕', '80g'), ('포도씨유', '3큰술'), ('소금', '1/2큰술'), ('베이킹파우더', '1작은술'), ('검은깨', '3큰술')]",두부과자는 자극적이지 않으면서 담백하고 고소하여 자꾸 손이 가게 만드는 간식이에요. 들어가는 재료도 간단하고 만드는 법도 쉬우니 이번 주말 아이와 함께 영양간식 두부과자를 만들어 보시면 어떨까요~?,"[{'step_number': 1, 'description': '두부는 면 보자기에 싸서 물기를 빼주세요.\n박력분과 베이킹 파우더는 체에 쳐서 준비해주세요.\n큰 볼에 포도씨유, 계란, 설탕, 소금을 넣고 거품기를 이용하여 잘 저어주세요.\n물기를 뺀 두부와 체에 친 박력분, 베이킹 파우더와 검은깨도 넣고 고루 섞어주세요.', 'image_url': 'https://recipe1.ezmember.co.kr/cache/recipe/2015/11/04/b9e25f3a600c3871c5e43a9e09824f921.jpg'}, {'step_number': 2, 'description': '반죽이 완성되면 평평한 바닥에 비닐을 깔고 반죽을 올린 후 밀가루를 뿌리고 그 위에 비닐을 덮어서 밀대로 밀어주세요.(중간중간 밀가루를 뿌려 주어야 반죽이 비닐에 붙지 않아요~)', 'image_url': 'https://recipe1.ezmember.co.kr/cache/recipe/2015/11/04/4b41b15c2532942a501a117c497bad2f1.jpg'}, {'step_number': 3, 'description': '두께가 0.5cm 정도로 일정하게 펴지면 원하는 모양으로 자르거나 모양 틀이 있으시면 찍어내 주세요.\n오븐틀에 유산지를 깔고 자른 반죽을 올려주신 후 180도로 10~ 15분간 구워주세요.오븐', 'image_url': 'https://recipe1.ezmember.co.kr/cache/recipe/2015/11/04/b25de4ee6b73efad91d4f13dfb78babf1.jpg'}]"
168545,과자,간식,밀가루,굽기,향긋한 사과 스콘(애플 스콘) 만들기｜효썸,사과스콘,https://recipe1.ezmember.co.kr/cache/recipe/2019/01/27/386bc2a0791b8705e49a03cd062036ac1.jpg,"16,126",120분 이내,초급,4인분,"[('사과(M)', '1개'), ('설탕', '30g'), ('계피가루', '1/2tsp'), ('박력분', '250g'), ('베이킹파우더', '5g'), ('계피가루', '1/2tsp'), ('설탕', '30g'), ('소금', '2g'), ('차가운 무염버터', '50g'), ('달걀', '40g'), ('우유', '90g'), ('크림치즈', '50g'), ('설탕', '5g')]","이번 스콘은 향긋한 계피와 달콤한 사과를 사용해서 향이 정말 좋아요!!
물론 맛도 계피와 사과의 조합이니 맛이 없을 수가 없습니다^^ 

*약 8개 분량.","[{'step_number': 1, 'description': '[사과조림] 사과를 사방 0.5cm 크기로 썰어주세요.', 'image_url': 'https://recipe1.ezmember.co.kr/cache/recipe/2019/01/26/8c85ae4614d2fb7372f8802407d339d81.jpg'}, {'step_number': 2, 'description': '내열그릇에 사과와 계피가루, 설탕을 넣고 골고루 섞어주세요.전자레인지에 사용 가능한 그릇을 사용해주세요!', 'image_url': 'https://recipe1.ezmember.co.kr/cache/recipe/2019/01/26/6350d485bfb1666235c2410b7068159b1.jpg'}, {'step_number': 3, 'description': '랩을 씌운 다음 이쑤시개로 콕콕 찔러 구멍을 내주세요.', 'image_url': 'https://recipe1.ezmember.co.kr/cache/recipe/2019/01/26/78e89162e99c88076a044fee60bc40da1.jpg'}, {'step_number': 4, 'description': '전자레인지(700w)에 4분간 가열해주세요.전자레인지', 'image_url': 'https://recipe1.ezmember.co.kr/cache/recipe/2019/01/27/1754adb18ff51d17a5ab7bc016f648691.jpg'}, {'step_number': 5, 'description': '랩을 벗기고 전체적으로 섞어주세요. 그런 다음 다시 전자레인지에 2분간 가열해주세요(랩 없이).', 'image_url': 'https://recipe1.ezmember.co.kr/cache/recipe/2019/01/27/f1448f58371f2ac211bdd29a882fafae1.jpg'}, {'step_number': 6, 'description': '2분 가열 후 체에 밭쳐 남은 물기를 빼주세요. 그리고 버터가 녹지 않도록 냉장고에 넣어 차갑게 식혀주세요.', 'image_url': 'https://recipe1.ezmember.co.kr/cache/recipe/2019/01/27/3f8b78bdc057db562b9a843cb5bb30331.jpg'}, {'step_number': 7, 'description': '[반죽] 볼에 박력분과 베이킹파우더, 계피가루를 체에 내려서 넣고 설탕과 소금도 넣어주세요.', 'image_url': 'https://recipe1.ezmember.co.kr/cache/recipe/2019/01/27/963d306376a13c1901193712dc11ea651.jpg'}, {'step_number': 8, 'description': '거품기로 골고루 섞어주세요.', 'image_url': 'https://recipe1.ezmember.co.kr/cache/recipe/2019/01/27/52a883fd2d5a581803cb068ac45bfbde1.jpg'}, {'step_number': 9, 'description': '사방 1cm 크기로 썬 차가운 버터를 넣어주세요.만들기 전 미리 버터를 잘라서 냉장고에 넣어두세요.', 'image_url': 'https://recipe1.ezmember.co.kr/cache/recipe/2019/01/27/67f9b029ffc3aa54fb599faddd2412751.jpg'}, {'step_number': 10, 'description': '스크래퍼로 다지듯이 섞어주세요.', 'image_url': 'https://recipe1.ezmember.co.kr/cache/recipe/2019/01/27/3c234433948546b46d311245fe181a2b1.jpg'}, {'step_number': 11, 'description': '버터가 팥알 크기 정도가 되면 그만 다져주세요.', 'image_url': 'https://recipe1.ezmember.co.kr/cache/recipe/2019/01/27/749d44ecc9cc8ea73a7f93ba2e353a411.jpg'}, {'step_number': 12, 'description': '달걀과 우유를 섞어서 가루재료에 부어주세요.', 'image_url': 'https://recipe1.ezmember.co.kr/cache/recipe/2019/01/27/75ca3190b2224f00a68a354359c491611.jpg'}, {'step_number': 13, 'description': '주걱으로 가르듯이 섞다가 재료가 뭉쳐질 때 사과조림을 모두 넣고 가볍게 섞어주세요.너무 오래 섞으면 사과조림의 수분때문에 반죽이 질어지고, 버터가 녹으니 재빨리 작업해주세요.', 'image_url': 'https://recipe1.ezmember.co.kr/cache/recipe/2019/01/27/38be45f8ea74388f6b4b9c59d888b81d1.jpg'}, {'step_number': 14, 'description': '완성된 반죽은 랩 위에 놓고 적당히 두툼한 두께로 모양을 잡은 후 랩으로 감싸서 냉장고에 1시간 정도 휴지시켜주세요.', 'image_url': 'https://recipe1.ezmember.co.kr/cache/recipe/2019/01/27/fd31fe2e96ed177773adebf92f3d54431.jpg'}, {'step_number': 15, 'description': '휴지가 끝나면 그대로 잘라서 구워서 되고, 저처럼 반으로 잘라 겹쳐서반죽이 븥어서 작업하기 힘들면 밀가루를 약간 뿌리면서 작업해도 좋습니다.', 'image_url': 'https://recipe1.ezmember.co.kr/cache/recipe/2019/01/27/55f303df01a9b070fadfd10457a987c61.jpg'}, {'step_number': 16, 'description': '2cm 두께로 밀어준 다음 지름 6cm 크기의 쿠키커터로 찍어도 됩니다.', 'image_url': 'https://recipe1.ezmember.co.kr/cache/recipe/2019/01/27/ed54c1574aad63948d50e526eea8a9931.jpg'}, {'step_number': 17, 'description': '윗면에 달걀물을 발라주세요.', 'image_url': 'https://recipe1.ezmember.co.kr/cache/recipe/2019/01/27/b92397dd11d6b6d21f2b46f749d4f4151.jpg'}, {'step_number': 18, 'description': '180℃로 예열한 오븐에 20분간 노릇하게 구워주세요.오븐', 'image_url': 'https://recipe1.ezmember.co.kr/cache/recipe/2019/01/27/f1ade7fce635920d54a965750372a1f71.jpg'}, {'step_number': 19, 'description': '[크림치즈] 말랑해진 크림치즈에 설탕을 넣고 잘 섞은 후 스콘에 발라먹으면 더 맛있어요!!', 'image_url': 'https://recipe1.ezmember.co.kr/cache/recipe/2019/01/28/c2f400dfb6c8b58b9f41027e366d47b01.jpg'}]"
168546,과자,간식,밀가루,굽기,시나몬롤 쿠키 만들기,시나몬롤쿠키,https://recipe1.ezmember.co.kr/cache/recipe/2015/04/16/993e97e5d969019bdbad66faa242ef3f1.jpg,"7,763",None,None,None,"[('우리밀중력분', '130g'), ('아몬드가루', '20g'), ('비정제황설탕', '40g'), ('소금', '0.5g'), ('베이킹파우더', '1/4ts'), ('달걀', '1/2개'), ('버터', '60g'), ('다진호두', '25g'), ('비정제황설탕', '50g'), ('시나몬파우더', '1g'), ('녹인버터', '8g'), ('녹인버터', '약간')]",은은하고 달콤하고~ 맛이 강렬하지는 않아서 티푸드로도 참 좋은 쿠키예요. 맛나게 만들어보셔요~,"[{'step_number': 1, 'description': '볼에 실온의 버터를 넣어 부드럽게 풀어준다음 설탕을 넣어서 충분히 섞어주세요. 설탕의 사그락거림이 살짝 잦아들때까지요. 거기에 풀어둔 달걀을 두번에 나누어 넣으면서 충분히 섞어주고,', 'image_url': 'https://recipe1.ezmember.co.kr/cache/recipe/2015/04/16/6ab2e034750db8357a860448c2dbe2fc1.jpg'}, {'step_number': 2, 'description': '체친 가루류를 넣어서 고무주걱으로 자르듯이 섞어줍니다. 한덩어리가 되면 비닐에 넣어서 냉장고에 30분정도 휴지를 시켜주세요.', 'image_url': 'https://recipe1.ezmember.co.kr/cache/recipe/2015/04/16/bae6671740810ad4ff13c91cbaa6a1821.jpg'}, {'step_number': 3, 'description': '더운날에는 반죽이 질어서 밀대로 밀기도 힘들고, 금새 느물느물해져서 돌돌 말기도 힘들어요. 그래서 서로 잘 어우러지면서 조금 단단해지라고 휴지를 시켜줍니다. 반죽을 비닐에 넣고 미리 밀대로 밀어서 휴지를 시키면 아무래도 휴지시간을 좀 줄일수 있어요. 저는 맨날 요렇게 하지요^^*', 'image_url': 'https://recipe1.ezmember.co.kr/cache/recipe/2015/04/16/8d2e6917485e7836c516eaf9832ffffa1.jpg'}, {'step_number': 4, 'description': '필링 재료는 모두 섞어서 준비해두세요.', 'image_url': 'https://recipe1.ezmember.co.kr/cache/recipe/2015/04/16/edadc764147d91f7ffa4e5f10f5461181.jpg'}, {'step_number': 5, 'description': '휴지시킨 반죽을 꺼내서 두께 0.5cm 정도의 직사각형으로 밀어주고, 위에 녹인버터를 발라줍니다. 가장자리를 조금씩 남겨두고 필링 재료를 얹어 고루 펴주세요.', 'image_url': 'https://recipe1.ezmember.co.kr/cache/recipe/2015/04/16/b0413a4e84494dcd26af2cb27f2b4e221.jpg'}, {'step_number': 6, 'description': '아래에서부터 돌돌 말아 끝부분을 잘 붙여주고, 유산지로 감싸서 냉동실에 넣어둡니다. 최소 1시간 정도는 넣어두셔야 해요. 반죽을 꺼내어 두께 0.8cm 정도로 썰어주세요.', 'image_url': 'https://recipe1.ezmember.co.kr/cache/recipe/2015/04/16/ba1b34c5cf2deccf02b0f2b5845092cc1.jpg'}, {'step_number': 7, 'description': '간격을 조금씩 두고 팬닝해주고, 175℃로 미리 예열해둔 오븐에 넣어서 10~12분정도 구워줍니다.오븐', 'image_url': 'https://recipe1.ezmember.co.kr/cache/recipe/2015/04/16/bfac6eff7be3ca73d064af80ed7ee0011.jpg'}, {'step_number': 8, 'description': '윗면이 노릇노릇하게 구워진 쿠키는 식힘망에 올려서 완전히 식혀주세요. 그런다음 맛나게 드시면 되지요.', 'image_url': 'https://recipe1.ezmember.co.kr/cache/recipe/2015/04/16/edf08ea5257fe7ed379f0bf1129fd4b31.jpg'}]"
168547,과자,간식,밀가루,굽기,쫀득한 아메리칸 초코칩 쿠키 만들기(+영상)｜효썸,초코칩쿠키,https://recipe1.ezmember.co.kr/cache/recipe/2019/06/06/aafb1fd4af747e5bcdcd8cd9fef05de01.jpg,"39,376",90분 이내,아무나,6인분 이상,"[('녹인 무염버터', '120g'), ('백설탕', '60g'), ('황설탕', '100g'), ('소금', '1/2tsp'), ('달걀', '1개'), ('바닐라익스트랙', '1tsp'), ('중력분', '190g'), ('베이킹소다', '1/2tsp'), ('초코칩', '160g')]","퍼진 모양과 쫀득한 식감이 매력적인 '아메리칸 초코칩 쿠키'를 만들어요!!

*22개 분량.","[{'step_number': 1, 'description': '볼에 녹인 무염버터와 백설탕, 황설탕을 넣고 충분히 섞어주세요.', 'image_url': 'https://recipe1.ezmember.co.kr/cache/recipe/2019/06/05/a5b2acc24869a52acc274ab0f5049cf11.jpg'}, {'step_number': 2, 'description': '달걀과 소금, 바닐라익스트랙을 넣고 뽀얗게 될 때까지 섞어주세요.', 'image_url': 'https://recipe1.ezmember.co.kr/cache/recipe/2019/06/05/3ee565320019cbd251ac77b7c322a74d1.jpg'}, {'step_number': 3, 'description': '중력분과 베이킹소다를 체에 내려서 넣고, 주걱으로 가루가 약간 보일 정도만 섞어주세요.', 'image_url': 'https://recipe1.ezmember.co.kr/cache/recipe/2019/06/05/b04665165aecc5795480c980482e134b1.jpg'}, {'step_number': 4, 'description': '초코칩을 넣고 잘 섞어주세요.', 'image_url': 'https://recipe1.ezmember.co.kr/cache/recipe/2019/06/05/481594bc1cad3a028305550e56b47a6d1.jpg'}, {'step_number': 5, 'description': '팬 위에 간격을 두며 1T씩 올려주세요.', 'image_url': 'https://recipe1.ezmember.co.kr/cache/recipe/2019/06/05/88b54fc6b87d653b024c256ca8a1d04a1.jpg'}, {'step_number': 6, 'description': '160℃로 예열한 오븐에 10분간 구워주세요.오븐', 'image_url': 'https://recipe1.ezmember.co.kr/cache/recipe/2019/06/05/bd9f2402eb661c23dd2700c6868d94e71.jpg'}]"
168548,과자,간식,밀가루,굽기,연유 버터링 쿠키 만들기,연유버터링쿠키,https://recipe1.ezmember.co.kr/cache/recipe/2017/07/13/8f982a621fe440dc7006c65a51e08d8b1.jpg,"15,703",30분 이내,아무나,4인분,"[('무염버터', '40g'), ('설탕', '30g'), ('연유', '30g'), ('계란', '20g'), ('바닐라익스트랙', '1/2tsp'), ('박력분', '90g'), ('아몬드가루', '10g')]",*지름 3.5cm 20개 분량.,"[{'step_number': 1, 'description': '볼에 말랑해진 버터와 설탕을 넣고 크림을 만들어 주세요. 그런 다음 연유를 넣고 골고루 섞어주세요.', 'image_url': 'https://recipe1.ezmember.co.kr/cache/recipe/2017/07/11/83f19c7e2fc84d827ffdaddb7140155d1.jpg'}, {'step_number': 2, 'description': '계란을 2번 나누어 넣어가며 섞어주세요.', 'image_url': 'https://recipe1.ezmember.co.kr/cache/recipe/2017/07/11/fd3ddfad32d918814f3a9f81f19dda921.jpg'}, {'step_number': 3, 'description': '바닐라익스트랙도 넣고 섞어주세요.', 'image_url': 'https://recipe1.ezmember.co.kr/cache/recipe/2017/07/11/944ac7ad8c0f04507ae8fc38b37819761.jpg'}, {'step_number': 4, 'description': '가루류를 넣고 가르듯이 섞어주세요.', 'image_url': 'https://recipe1.ezmember.co.kr/cache/recipe/2017/07/11/3e740e3e5603f9278e3ef195263cdc491.jpg'}, {'step_number': 5, 'description': '저는 별깍지를 사용했지만, 다른 모양의 깍지를 사용하시거나 깍지를 사용하지 않으셔도 됩니다.', 'image_url': 'https://recipe1.ezmember.co.kr/cache/recipe/2017/07/11/4b3df93840c7da729a90bd958b331e3d1.jpg'}, {'step_number': 6, 'description': '짤주머니 또는 지퍼백에 반죽을 담아고', 'image_url': 'https://recipe1.ezmember.co.kr/cache/recipe/2017/07/11/c6bc18ff82ac95563acbea8c962ec3561.jpg'}, {'step_number': 7, 'description': '지름 3.5cm 크기로 동그랗게 짜주세요.', 'image_url': 'https://recipe1.ezmember.co.kr/cache/recipe/2017/07/11/161db65709c9c751d69997c86306b2ca1.jpg'}, {'step_number': 8, 'description': '170℃에서 12~15분간 구워주세요.', 'image_url': 'https://recipe1.ezmember.co.kr/cache/recipe/2017/07/11/fdc46db729827a09ca22503417d7c23c1.jpg'}]"
168549,과자,간식,밀가루,굽기,[1인 가구 홈베이킹] 풍미가 가득한 얼그레이 마들렌 만들기,얼그레이마들렌,https://recipe1.ezmember.co.kr/cache/recipe/2021/07/29/34b267df8d75f994b49b3300e5d440d11.jpg,"3,537",60분 이내,아무나,1인분,"[('계란 1알', '60g'), ('설탕', '60g'), ('버터', '60g'), ('박력분', '60g'), ('얼그레이 티백', '1개'), ('바닐라오일', '2방울')]","혼자살고 있는 빵순이입니다.
1인 가구가 먹기에 적당한 양과 만들기 간편한 방법을 소개합니다.
얼그레이 티백을 활용해서 풍요로운 맛이 가득한 얼그레이 마들렌을 베이킹했어요.
한명이 먹어도 적당한 양인 6개(틀1개) 기준입니다.","[{'step_number': 1, 'description': '계란:설탕:버터:밀가루 = 1:1:1:1 라고 기억하시면 편합니다. 우선 계란 1개를 풀어서 섞어줍니다.', 'image_url': 'https://recipe1.ezmember.co.kr/cache/recipe/2021/07/29/0b956755c74dad49038cff80d1db13101.jpg'}, {'step_number': 2, 'description': '그위에 설탕 60g을 넣어 섞고, 계란 비린내를 잡기 위해 바닐라 오일도 조금 넣어줍니다.계란 1개가 60g이라고 가정해서 설탕을 60g넣어줬어요.\n만약 계란이 65g이면 위 재료들도 65g으로 맞춰주시면 됩니다.', 'image_url': 'https://recipe1.ezmember.co.kr/cache/recipe/2021/07/29/a30101ae29759563aaa34db87adb02961.jpg'}, {'step_number': 3, 'description': '박력분 밀가루도 60g 넣어줄게요.\n채를 통해 쳐내서 고운 가루만 넣어 섞어줍니다.', 'image_url': 'https://recipe1.ezmember.co.kr/cache/recipe/2021/07/29/e2490321c16dbc6e7d8b1fbdf905862b1.jpg'}, {'step_number': 4, 'description': '얼그레이 티백 가루를 부셔서 반죽 가루에 넣어줍니다.티백 채로 양손으로 비비면, 안에 가루가 얇아져서 가루를 부수는데 별다른 도구가 필요없습니다.', 'image_url': 'https://recipe1.ezmember.co.kr/cache/recipe/2021/07/29/115a18bd5a2270eadf98d29cf27df5591.jpg'}, {'step_number': 5, 'description': '버터의 경우, 중탕시켜서 녹여야 합니다.\n60g 버터를 중탕시킨 후에 반죽에 넣어 섞어줍니다.중탕하기 귀찮으시면 전자렌지에 1분 30초 정도 돌리면 액체처럼 변하니 이 방법도 활용해보세요.', 'image_url': 'https://recipe1.ezmember.co.kr/cache/recipe/2021/07/29/f8ffac623dfe6a58baf85a0bdc508f221.jpg'}, {'step_number': 6, 'description': '반죽 완성! 비닐에 넣은 후에 1시간 동안 냉장실 휴지 시켜줄게요. 휴지 시간은 길면 길수록 좋습니다.', 'image_url': 'https://recipe1.ezmember.co.kr/cache/recipe/2021/07/29/1f720f51cf22954fec8b73582e7d27a81.jpg'}, {'step_number': 7, 'description': '마들렌은 이렇게 틀이 필요해요. 아까 녹인 버터를 틀에 바르고, 그위에 박력분 밀가루 채쳐줍니다. 이 과정을 통해서 추후 베이킹한 빵을 손쉽게 뗄 수 있어요.', 'image_url': 'https://recipe1.ezmember.co.kr/cache/recipe/2021/07/29/4f3281782fdee47fd28580f7e30b1ac41.jpg'}, {'step_number': 8, 'description': '이제, 짤주머니에 휴지시킨 반죽을 넣어준 후에 틀에 채워줄게요. 틀의 80%만 채워주시면 좋습니다.짤주머니가 없으면, 숟가락으로 옮겨도 좋습니다.', 'image_url': 'https://recipe1.ezmember.co.kr/cache/recipe/2021/07/29/c9b2ca67bf815a89b3f20795efd21f4a1.jpg'}, {'step_number': 9, 'description': '마지막으로 180도에 10분간 예열한 오븐에 틀을 넣고 10~15간간 베이킹 해주시면 됩니다.오븐배꼽이 올라오는 것을 보고 중간중간 확인하여 구워주세요!', 'image_url': 'https://recipe1.ezmember.co.kr/cache/recipe/2021/07/29/fe5c4769a71467095f61615772692df61.jpg'}]"
168550,과자,간식,밀가루,굽기,오레오 스쿱쿠키,오레오스쿱쿠키,https://recipe1.ezmember.co.kr/cache/recipe/2015/08/07/25f233511aa8f9d6777bb7db82fe22121.jpg,"25,365",60분 이내,중급,4인분,"[('버터                                                                                실온 상태', '200g'), ('바닐라익스트랙', '3~4방울'), ('밀가루 박력분', '300g'), ('오레오', '10개'), ('슈가파우더', '70g')]",아이스크림처럼 생긴 재미있고 신기한 오레오 쿠키~,"[{'step_number': 1, 'description': '버터는 실온에 둬서 부드러운 상태일때 사용해 주세요. 버터 크림화 시킵니다. 크림화가 제대로 되지 않으면 쿠키가 퍼져버린답니다~', 'image_url': 'https://recipe1.ezmember.co.kr/cache/recipe/2015/08/07/81c1c1a878404b2a60b4c978d146bd561.jpg'}, {'step_number': 2, 'description': '버터가 부드럽게 크림화가 되서 마요네즈 같은 상태가 되면 슈가파우더를 넣어주세요. 바닐라 익스트렉도 넣어주세요.', 'image_url': 'https://recipe1.ezmember.co.kr/cache/recipe/2015/08/07/8d08793743f1a8e161891b6c685c6f3e1.jpg'}, {'step_number': 3, 'description': '크림화가 잘 된 버터에 체에친 밀가루를 넣어 고루 섞어주세요~ 너무 힘쎄게 팍팍 저어주면 글루텐이 형성되니 되도록 부드럽게, 골고루!', 'image_url': 'https://recipe1.ezmember.co.kr/cache/recipe/2015/08/07/1c9cffb5a5e0008ad1b4e6147ba17fb31.jpg'}, {'step_number': 4, 'description': '보송하고 부드럽게 한덩어리로 반죽을 만들어주세요.', 'image_url': 'https://recipe1.ezmember.co.kr/cache/recipe/2015/08/07/a0f77a2e1cb09b844f29f97f23c6ef521.jpg'}, {'step_number': 5, 'description': '부숴진 오레오를 넣어주세요~', 'image_url': 'https://recipe1.ezmember.co.kr/cache/recipe/2015/08/07/33971c7c21f5c86729ed9e6bd6863d421.jpg'}, {'step_number': 6, 'description': '스쿱을 이용해서 하나씩 팬닝해 주세요.', 'image_url': 'https://recipe1.ezmember.co.kr/cache/recipe/2015/08/07/6b776f5998d9c1671ed89ab80710cc2a1.jpg'}, {'step_number': 7, 'description': '180도로 예열시킨 오븐에서 10~14분 정도 구워주세요. 전 14분 구웠습니다. 컨벡션 오븐이 아닌 열선이 윗면에 있는 오븐같은 경우엔 쿠키 윗면이 뽀얗게 구워지겠죠? 그럼 쿠킹호일을 덮어서 구워주시면 됩니다.오븐', 'image_url': 'https://recipe1.ezmember.co.kr/cache/recipe/2015/08/07/434f53fba6394c79836d61069a2c6dd81.jpg'}, {'step_number': 8, 'description': '완성! 식힘망에 올려서 충분히 식혀주시고 포장하세요.', 'image_url': 'https://recipe1.ezmember.co.kr/cache/recipe/2015/08/07/b150acc8211f181b9eeca5e07d28244d1.jpg'}]"
168551,과자,간식,밀가루,굽기,누구나 쉽게 만드는 kfc 비스켓,KFC비스켓,https://recipe1.ezmember.co.kr/cache/recipe/2018/08/22/8cf59aa68be208f45ebd5358fa01bb2b1.jpg,"5,261",30분 이내,아무나,2인분,"[('박력분', '200g'), ('버터', '50g'), ('두유나 우유', '50ml'), ('베이킹 파우더', '5g'), ('소금', '1/2t'), ('설탕', '20g')]",안은 촉촉하고 겉은 바삭한 kfc 비스켓을 만들었어요.,"[{'step_number': 1, 'description': '박력분은 1~2번 체쳐주세요.', 'image_url': 'https://recipe1.ezmember.co.kr/cache/recipe/2018/08/22/91414689b183cac0e0c38c526e8ec2f41.jpg'}, {'step_number': 2, 'description': '버터는 스크레퍼로 차가운 상태에서 잘게 부셔줍니다.', 'image_url': 'https://recipe1.ezmember.co.kr/cache/recipe/2018/08/22/b406355633230aa22144a74dc13e911d1.jpg'}, {'step_number': 3, 'description': '볼에 박력분,소금,설탕,베이킹 파우더,달걀을 넣어 주세요.', 'image_url': 'https://recipe1.ezmember.co.kr/cache/recipe/2018/08/22/ef5d61e0a6bb53bba771aaa786d529901.jpg'}, {'step_number': 4, 'description': '버터도 자른것도 넣어 주세요.', 'image_url': 'https://recipe1.ezmember.co.kr/cache/recipe/2018/08/22/d57c9a618b9b59eb27a0485744f08d361.jpg'}, {'step_number': 5, 'description': '우유나 두유로 반죽합니다.\n수저로 대충 젓다가 나중에 손으로 \n반죽해야 해요~', 'image_url': 'https://recipe1.ezmember.co.kr/cache/recipe/2018/08/22/6b1373e6948633e3c5adcfa3fe4bcc131.jpg'}, {'step_number': 6, 'description': '손으로 뭉쳐 반죽한 상태에요', 'image_url': 'https://recipe1.ezmember.co.kr/cache/recipe/2018/08/22/1619238c6b3adc85278b3a2ce1047b771.jpg'}, {'step_number': 7, 'description': '유산지를 깔고 반죽을 놓아 180도 오븐에서 15분정도 구워주세요~오븐', 'image_url': 'https://recipe1.ezmember.co.kr/cache/recipe/2018/08/22/b0cf80e03dc56d460a94ccaa485073e61.jpg'}, {'step_number': 8, 'description': '비스켓이 완성됐어요..\n엄청 쉬워서 설명도 필요 없어요.ㅎㅎ\n딸기잼 발라 먹어도 좋습니다.', 'image_url': 'https://recipe1.ezmember.co.kr/cache/recipe/2018/08/22/0a1e7417dbb0fb4c0f574f4b60caeb8c1.jpg'}]"
168552,과자,간식,밀가루,굽기,루돌프쿠키 만들기,루돌프쿠키,https://recipe1.ezmember.co.kr/cache/recipe/2016/12/11/7c0ecf669b2b6980ac3b71018a3b5e071.jpg,"4,800",30분 이내,아무나,4인분,"[('박력분', '150g'), ('버터', '60g'), ('설탕', '50g'), ('바닐라 익스트랙', '1ts'), ('작은 달걀                                                                                50g', '1개'), ('M&M 초콜릿', '약간'), ('초코펜', '')]","집에 한두개씩은 가지고 있을법한 진저맨 쿠키 커터로 만들어본 루돌프 쿠키에요~
자세히 보시면 알겠지만 진저맨을 거꾸로 놓고 눈코입을 그린거랍니다~ㅎㅎ
눈과 빨간 코만 붙여줘도 너무 귀욤지지만 스마일까지 얹으면 볼때마다 같이 미소짓게 되는 그런 쿠키에요~ 
귀욤진 루돌프 쿠키~! 만들어보아요~","[{'step_number': 1, 'description': '볼에 실온에 두어 말랑한 버터를 부드럽게 풀고, 설탕을 넣고 잘 섞은 후 달걀을 조금씩 넣어가며 잘 섞어주세요.', 'image_url': 'https://recipe1.ezmember.co.kr/cache/recipe/2016/12/11/5feafe6fd66a6738cb41f9ddda2f444c1.jpg'}, {'step_number': 2, 'description': '바닐라 익스트랙도 넣고 잘 섞은 후, 체친 밀가루를 넣고 한덩어리로 만들어주세요.', 'image_url': 'https://recipe1.ezmember.co.kr/cache/recipe/2016/12/11/ef4d7c49a5d3bb42351a3ab656f2fdab1.jpg'}, {'step_number': 3, 'description': '한덩어리로 뭉쳐진 반죽은 비닐봉투에 넣어 30분~한시간 정도 냉장실에서 휴지시킵니다. 휴지 완료된 반죽은 비닐봉투채 밀대로 4~5mm 두께로 밀어펴 주세요.', 'image_url': 'https://recipe1.ezmember.co.kr/cache/recipe/2016/12/11/9c74d373c173070ebfb383c4c548b7091.jpg'}, {'step_number': 4, 'description': '진저맨 쿠키커터로 모양을 찍어 낸 후 팬닝해주세요.', 'image_url': 'https://recipe1.ezmember.co.kr/cache/recipe/2016/12/11/08fc657d91e821795861be323584c3d01.jpg'}, {'step_number': 5, 'description': '170도로 예열된 오븐에서 10~15분 정도 바닥이 노릇하도록 구워주세요. 완전히 식으면 초코펜으로 뿔과 눈을 그리고, 코부분에 M&M 초콜릿을 붙여줍니다. 초코펜이 다 굳으면 완성~!오븐', 'image_url': 'https://recipe1.ezmember.co.kr/cache/recipe/2016/12/11/c5acd56d4be6c70d403b2b8c3aabf10c1.jpg'}]"
168553,과자,간식,밀가루,굽기,크랜베리 아몬드쿠키,크랜베리아몬드쿠키,https://recipe1.ezmember.co.kr/cache/recipe/2015/06/08/3abe5ac80bdcd01b683ca5950b4eac8b.jpg,"23,169",120분 이내,초급,2인분,"[('버터', '100g'), ('비정제황설탕', '60g'), ('소금', '2꼬집'), ('우유', '20g'), ('우리밀 중력분', '130g'), ('아몬드가루', '40g'), ('베이킹파우더', '1/4ts'), ('건크랜베리', '40g'), ('럼주', '약간'), ('통아몬드', '20g'), ('피칸', '30g'), ('반죽을 굴려줄 설탕', '적당량')]","새콤달콤한 크랜베리와 통아몬드, 피칸을 넣어서 고소함을 더해준 네모쿠키~ 아몬드가루까지 넣어서 무척이나 맛난 쿠키예요. 맛있게 구워보셔요.","[{'step_number': 1, 'description': '볼에 실온의 버터를 넣어 부드럽게 풀어주고, 설탕을 넣어서 사그락거림이 좀 잦아들때까지 거품기로 섞어주세요. 여기에 체친 가루류의 1/2을 넣어서 고무주걱으로 자르듯이 섞어주고,', 'image_url': 'https://recipe1.ezmember.co.kr/cache/recipe/2015/06/17/744143b54dcaafd7e9d3e81780966f4b1.jpg'}, {'step_number': 2, 'description': '우유를 넣어서 섞은다음, 나머지 가루류를 넣어 고무주걱으로 자르듯이 섞어줍니다.', 'image_url': 'https://recipe1.ezmember.co.kr/cache/recipe/2015/06/17/f942d45ab33628036b256f981ce84ed51.jpg'}, {'step_number': 3, 'description': '날가루가 거의 보이지 않을때쯤 물기뺀 크랜베리와 견과류를 넣어서 가볍게 섞어 반죽을 완성해요.', 'image_url': 'https://recipe1.ezmember.co.kr/cache/recipe/2015/06/17/d37ec5206577f445cc51b10e114a59ce1.jpg'}, {'step_number': 4, 'description': '반죽을 한덩어리로 뭉쳐서 두께 3~3.5cm 정도의 사각형으로 만들어주세요. 이대로 냉동실에 넣어서 1시간 정도 휴지를 시켜주고,', 'image_url': 'https://recipe1.ezmember.co.kr/cache/recipe/2015/06/17/70c47a4fe624fadc25eedde49f035bf81.jpg'}, {'step_number': 5, 'description': '반죽을 꺼내어 길게 3등분 해줍니다. 반죽을 설탕에 굴려서 겉면에 고루 묻혀주고,', 'image_url': 'https://recipe1.ezmember.co.kr/cache/recipe/2015/06/17/7e852deed4d13e16039cfd5418a7c1ac1.jpg'}, {'step_number': 6, 'description': '두께 1cm 정도로 잘라서 팬에 얹어주세요. 160℃로 미리 예열해둔 오븐에 넣어서 약 20분정도 노릇하게 구워내면 되요.오븐', 'image_url': 'https://recipe1.ezmember.co.kr/cache/recipe/2015/06/17/3f4f8d110bb5c41feaa15c58ccb866a61.jpg'}]"
168554,과자,간식,밀가루,굽기,바삭하고 쫀득한 잼쿠키 만들기,잼쿠키,https://recipe1.ezmember.co.kr/cache/recipe/2019/12/08/560b1c36606ceeb7553a914b67b40f111.jpg,"10,129",30분 이내,초급,4인분,"[('무염버터', '100g'), ('슈가파우더', '50g'), ('설탕', '10g'), ('계란노른자', '15g'), ('박력분', '140g'), ('아몬드파우더', '40'), ('소금', '약간'), ('딸기잼', '적당히')]",바삭한 쿠키위에 잼을 얹어 쫀득하게 구워낸 쿠키입니다.,"[{'step_number': 1, 'description': '실온에 두었던 버터를 부드럽게 풀어줍니다.', 'image_url': 'https://recipe1.ezmember.co.kr/cache/recipe/2019/12/15/c3e5c1a730554a48039593fcd606c5d11.jpg'}, {'step_number': 2, 'description': '잘 풀어준 버터에 슈가파우더 50g을 넣고 섞어 줍니다.', 'image_url': 'https://recipe1.ezmember.co.kr/cache/recipe/2019/12/15/bf91dae42fb410736014112412991b5b1.jpg'}, {'step_number': 3, 'description': '잘 섞어준 후 노른자를 넣고 다시 섞어주세요.', 'image_url': 'https://recipe1.ezmember.co.kr/cache/recipe/2019/12/15/9c289a16c389df8daa6bea6c489b65d21.jpg'}, {'step_number': 4, 'description': '박력분, 아몬드파우더를 한곳에 모은후 체를 쳐서 넣어주세요.', 'image_url': 'https://recipe1.ezmember.co.kr/cache/recipe/2019/12/15/acce7da735ca3b9809f105c28ee13f2f1.jpg'}, {'step_number': 5, 'description': '반죽을 가르듯이(썰듯이) 섞어주세요.', 'image_url': 'https://recipe1.ezmember.co.kr/cache/recipe/2019/12/15/0d0a379028de13b2d101cf0832f97cca1.jpg'}, {'step_number': 6, 'description': '가루가 어느정도 사라지면 손으로 반죽해서 반죽을 한덩어리로 만들어 줍니다.', 'image_url': 'https://recipe1.ezmember.co.kr/cache/recipe/2019/12/15/96df1ca58cc373e93ad989c7db0e6c441.jpg'}, {'step_number': 7, 'description': '20g씩 분할하여 팬에 팬닝해 주세요.\n(저울에 반죽이 들러붙지 않도록 비닐을 덮어 줍니다.)', 'image_url': 'https://recipe1.ezmember.co.kr/cache/recipe/2019/12/15/b3adfc70269f7c332cbf6f2fc6d2007e1.jpg'}, {'step_number': 8, 'description': '반죽 가운데에 손으로 구멍을 1/3 정도 눌러줍니다.', 'image_url': 'https://recipe1.ezmember.co.kr/cache/recipe/2019/12/15/962f49d9784cdf50388c35b117d5cb771.jpg'}, {'step_number': 9, 'description': '구멍 안에 잼을 채워주세요.', 'image_url': 'https://recipe1.ezmember.co.kr/cache/recipe/2019/12/15/b881914c7d2747100c61cee0338011071.jpg'}, {'step_number': 10, 'description': '오븐에서 150•c 에서 20분 구워줍니다.오븐', 'image_url': 'https://recipe1.ezmember.co.kr/cache/recipe/2019/12/15/ad2d0e59c8274133c3753cb062e6bcdb1.jpg'}]"
168555,과자,간식,밀가루,굽기,[쿠키레시피/쿠키만들기] 노버터! 모카 초코 호두 비스코티~♪,초코호두비스코티,https://recipe1.ezmember.co.kr/cache/recipe/2015/10/14/d39b560ab0ecf5ded3f6bfdf536d5c231.jpg,"9,230",60분 이내,아무나,1인분,"[('오일                                                                                올리브유 제외', '40g'), ('백설탕', '130g'), ('중간크기 계란', '2개'), ('박력분', '185g'), ('코코아가루', '30g'), ('곱게 간 인스턴트커피가루', '6g'), ('소금', '1g'), ('베이킹소다', '1g'), ('베이킹파우더', '1g'), ('호두', '70g'), ('계란물                                                                                선택', '약간')]","오늘은 맛있는 비스코티 레시피를 들고왔어요~

요 비스코티는 바삭하고 진한맛이 일품이라서 선물하기에도 정말 좋은것같아요~

단순한 초코가아닌 코코아가루를 듬뿍넣고 커피 가루를 첨가해서 풍미가 깊어요!



요즘같은 환절기에 감기로 힘드신 분들은

이 달콤한 비스코티 드시고 이겨내세요!ㅎㅎ

지금 바로 만들러 가봅시다~","[{'step_number': 1, 'description': '카놀라유, 백설탕, 계란 을 한꺼번에 섞어줍니다.', 'image_url': 'https://recipe1.ezmember.co.kr/cache/recipe/2015/10/14/655c72e97474c8cec91c6254e849ca9b1.jpg'}, {'step_number': 2, 'description': '호두는 한번 볶아주세요. 또는 오븐에 90도에서 10~15분정도 구워줍니다.\n그뒤에는 잘게 잘라주세요!오븐', 'image_url': 'https://recipe1.ezmember.co.kr/cache/recipe/2015/10/14/92fb432a6a4914785ebc93635a94b6e61.jpg'}, {'step_number': 3, 'description': '모든 가루류를 체에 쳐서 넣고 반쯤 섞였을 때 호두를 넣고 잘 섞어주세요.', 'image_url': 'https://recipe1.ezmember.co.kr/cache/recipe/2015/10/14/7f294c29b2c7593daffffe7997139b1d1.jpg'}, {'step_number': 4, 'description': '반죽이 질 수 있으니 비닐장갑을 끼고 마무리 해주세요.', 'image_url': 'https://recipe1.ezmember.co.kr/cache/recipe/2015/10/14/b48114a78c59897b92c1611f0afaabf91.jpg'}, {'step_number': 5, 'description': '반죽을 두덩이로 나누어 사진처럼 간격을 두고 패닝해주세요.\n계란물을 발라주시고(선택) 180도로 예열된 오븐에 덧팬을 대고 25~30분정도 상태를 살피며 구워주세요.', 'image_url': 'https://recipe1.ezmember.co.kr/cache/recipe/2015/10/14/124945ec91e6e041d996ca9d3cd349411.jpg'}, {'step_number': 6, 'description': '오븐에서 구워진 반죽은 실온에서 15분정도 식힌 후 사진처럼 썰어주세요.\n제 기준으로는 0.8 cm 정도가 맛있는 것 같아요~', 'image_url': 'https://recipe1.ezmember.co.kr/cache/recipe/2015/10/14/57b6bc693b42bd93f3753be1eddd4a2d1.jpg'}, {'step_number': 7, 'description': '온도를 160도로 낯추고 앞뒤로 10분정도씩 구워주세요. 상태를 살피며 딱딱해질때까지 타지않게 구우세요~', 'image_url': 'https://recipe1.ezmember.co.kr/cache/recipe/2015/10/14/b3d43aeb305cdbe73d91850bd1bbbc4f1.jpg'}, {'step_number': 8, 'description': '수분이 완전히 빠져나가도록 세워서 식혀주세요.', 'image_url': 'https://recipe1.ezmember.co.kr/cache/recipe/2015/10/14/6bdd2513d060c900f204e34ce26328101.jpg'}]"
168556,과자,간식,밀가루,굽기,[서브웨이 스타일] 쫀~득한 화이트 초코 마카다미아 쿠키,쿠키,https://recipe1.ezmember.co.kr/cache/recipe/2019/10/14/ef2206d4885050c78e3f05bf673c04661.jpg,"20,538",120분 이내,초급,4인분,"[('실온 무염버터', '115g'), ('황설탕', '75g'), ('흰설탕', '70g'), ('실온 계란', '1개'), ('바닐라에센스', '1/2tsp'), ('박력분', '150g'), ('베이킹 소다', '1/2tsp'), ('소금', '1/4tsp'), ('마카다미아', '60g'), ('화이트 초콜릿                                                                                또는 화이트 초코칩', '95g')]",서브웨이 쿠키를 집에서 만들 수 있다니!부드럽고 쫀득한 식감에 오독오독 씹히는 마카다미아의 조합이란!,"[{'step_number': 1, 'description': '실온 무염버터을 부드럽게 풀어 주세요', 'image_url': 'https://recipe1.ezmember.co.kr/cache/recipe/2019/10/14/9364c4f29de4d9a0c3204824bb0863901.jpg'}, {'step_number': 2, 'description': '설탕을 넣고 뽀얗게 될 때까지 휘핑해주세요', 'image_url': 'https://recipe1.ezmember.co.kr/cache/recipe/2019/10/14/ec105866e726ae45ecf17ab87269ea691.jpg'}, {'step_number': 3, 'description': '실온 계란과 바닐라 익스트랙트를 넣고 섞어 주세요', 'image_url': 'https://recipe1.ezmember.co.kr/cache/recipe/2019/10/14/6d964efb01be9643849c7d9febba21901.jpg'}, {'step_number': 4, 'description': '박력분, 베이킹소다, 소금을 함께 체 쳐서 넣어 주세요', 'image_url': 'https://recipe1.ezmember.co.kr/cache/recipe/2019/10/14/350e2dae1b90216a9c6a1c3364e3f4251.jpg'}, {'step_number': 5, 'description': '날가루가 보이지 않을 때까지, 스패츌라로 11자로 가르듯이 섞어 주세요', 'image_url': 'https://recipe1.ezmember.co.kr/cache/recipe/2019/10/14/a6098438a6de9f9fc543c4c6296c10121.jpg'}, {'step_number': 6, 'description': '자른 마카다미아와 화이트 초콜릿을 넣고 가볍게 섞어 주세요', 'image_url': 'https://recipe1.ezmember.co.kr/cache/recipe/2019/10/14/3af85df4a8a2b5e5841af149f5eabe5b1.jpg'}, {'step_number': 7, 'description': '랩에 씌운 다음, 냉장고에서 1시간 동안 휴지시켜 주세요', 'image_url': 'https://recipe1.ezmember.co.kr/cache/recipe/2019/10/14/74af59f06f5f929f2a400fd62db6dc051.jpg'}, {'step_number': 8, 'description': '지름 5cm 아이스크림 스쿱으로 반죽을 퍼 주세요', 'image_url': 'https://recipe1.ezmember.co.kr/cache/recipe/2019/10/14/1f1bc7a7f06160a29eff8690727590681.jpg'}, {'step_number': 9, 'description': '서로 충분한 간격을 두고 반죽을 팬닝해주세요(구울 때 많이 퍼져요!)', 'image_url': 'https://recipe1.ezmember.co.kr/cache/recipe/2019/10/14/6c313100a916cc05104557e40e167d051.jpg'}, {'step_number': 10, 'description': '170°C에서 10-12분 간 구워 주세요(부드럽고 쫀득한 식감을 원하시면 오래 굽지 마세요)', 'image_url': 'https://recipe1.ezmember.co.kr/cache/recipe/2019/10/14/3a33ac68405b5ecca334b74b63fc90341.jpg'}, {'step_number': 11, 'description': '팬에 5분간 그대로 둔 후, 식힘망으로 옮겨 완전히 식혀 주세요', 'image_url': 'https://recipe1.ezmember.co.kr/cache/recipe/2019/10/14/c3f111cac06ef9bc3be872750851126d1.jpg'}, {'step_number': 12, 'description': '맛있게 드세요!', 'image_url': 'https://recipe1.ezmember.co.kr/cache/recipe/2019/10/14/4d28b60c43d99eed6e2cb38f7ffa593c1.jpg'}]"
168557,과자,간식,밀가루,굽기,귀염뽀쨕 푸들 초코쿠키 만들기~!!,초코쿠키,https://recipe1.ezmember.co.kr/cache/recipe/2021/08/14/2daaf74e08bf44e972b102f2cf3c2c131.jpg,"1,959",120분 이내,중급,4인분,"[('버터', '120g'), ('바닐라오일', '소량'), ('슈가파우더', '50g'), ('달걀', '35g'), ('박력분', '120g'), ('아몬드파우더', '20g'), ('코코아파우더', '10g'), ('크래커', '소량'), ('화이트 & 다크초콜릿', '소량'), ('식용색소', '')]",현실고증 쩌는 귀염뽀짝큐티 푸들쿠키를 만들어봅시당~!,"[{'step_number': 1, 'description': '실온에 두어 말랑해진 버터를 부드럽게 풀어주세요버터를 너무 녹여도 X 너무 딱딱해도 X', 'image_url': 'https://recipe1.ezmember.co.kr/cache/recipe/2021/08/14/ac9c360c85307cae2c098bb52d95101e1.jpg'}, {'step_number': 2, 'description': '바닐라오일과 슈가파우더를 넣고 입자가 안 보일 때까지 휘핑합니다', 'image_url': 'https://recipe1.ezmember.co.kr/cache/recipe/2021/08/14/ce3f98805e7b1f051cbf67ad6d4af5041.jpg'}, {'step_number': 3, 'description': '달걀을 2번에 나눠 섞어요한꺼번에 많은 양의 수분을 넣으면 반죽이 분리될 수 있거든요!', 'image_url': 'https://recipe1.ezmember.co.kr/cache/recipe/2021/08/14/b6d0116f8c29eceb3f640399c706216d1.jpg'}, {'step_number': 4, 'description': '박력분과 아몬드파우더를 체 쳐 넣어주세요체를 높이 들고 쳐야 공기함유량이 많아져서 쿠키가 더욱 바삭해져요!', 'image_url': 'https://recipe1.ezmember.co.kr/cache/recipe/2021/08/14/d2200bbc2ffb9b17d8f00026e53557251.jpg'}, {'step_number': 5, 'description': '주걱으로 가르듯이 섞어주세요', 'image_url': 'https://recipe1.ezmember.co.kr/cache/recipe/2021/08/14/d184cc96f04c44f5fc89afa0b9782e451.jpg'}, {'step_number': 6, 'description': '날가루 입자가 안 보일 때 코코아파우더를 체 쳐넣고 섞어줍니다 (-> 매끈한 반죽 완성)', 'image_url': 'https://recipe1.ezmember.co.kr/cache/recipe/2021/08/14/9f16a60c513359b3ed600528a91a6d221.jpg'}, {'step_number': 7, 'description': '(별깍지 195번 & 857번)\n짤주머니 2개에 반반씩 담아주세용~', 'image_url': 'https://recipe1.ezmember.co.kr/cache/recipe/2021/08/14/440b034d87918673cc06584fa5ded65d1.jpg'}, {'step_number': 8, 'description': '베이킹시트 위에 팬닝합니다 (+영상참고)', 'image_url': 'https://recipe1.ezmember.co.kr/cache/recipe/2021/08/14/b40def6d91d1eff4a7892a5319c093491.jpg'}, {'step_number': 9, 'description': '다리가 푸들거려서 좀 앉아있을개.jpg', 'image_url': 'https://recipe1.ezmember.co.kr/cache/recipe/2021/08/14/90dd3b94a2ffb57b3f02f5614b1ef6cb1.jpg'}, {'step_number': 10, 'description': '다소곳하개.jpg', 'image_url': 'https://recipe1.ezmember.co.kr/cache/recipe/2021/08/14/a54fa6840b69a3a0b8acb88d8b03eb971.jpg'}, {'step_number': 11, 'description': '지금 뭘보는거개.jpg', 'image_url': 'https://recipe1.ezmember.co.kr/cache/recipe/2021/08/14/f132ae8f8e42d222a28cffcfd5a775e91.jpg'}, {'step_number': 12, 'description': '개가 아니무니다.jpg', 'image_url': 'https://recipe1.ezmember.co.kr/cache/recipe/2021/08/14/c2bf6ada357e5d4896a9203ac16ed87d1.jpg'}, {'step_number': 13, 'description': '(좀 정상적인 것도 만들어봤어요ㅋㅋㅋ)', 'image_url': 'https://recipe1.ezmember.co.kr/cache/recipe/2021/08/14/b2e01f856531aa4105dcd7d072715ae21.jpg'}, {'step_number': 14, 'description': '팬닝 끝~!! 바로 굽지 않고, 랩을 씌워서\n1시간 냉장한 후 구워줄게요= 쿠키 퍼짐을 최소화시켜요', 'image_url': 'https://recipe1.ezmember.co.kr/cache/recipe/2021/08/14/7173ca84dd1cf69831188633bbafc8621.jpg'}, {'step_number': 15, 'description': '(스메그기준) 170도에 15분 구워주세요', 'image_url': 'https://recipe1.ezmember.co.kr/cache/recipe/2021/08/14/decc01346b8556bd0c4969a624209d0d1.jpg'}, {'step_number': 16, 'description': '식힘망 위에서 식혀줍니다', 'image_url': 'https://recipe1.ezmember.co.kr/cache/recipe/2021/08/14/9d719746f3586e0b8035066f0d7136611.jpg'}, {'step_number': 17, 'description': '다크 & 화이트초콜릿으로 데코해요', 'image_url': 'https://recipe1.ezmember.co.kr/cache/recipe/2021/08/14/9c7353f56ef9ef4242a9b199e5ff483f1.jpg'}, {'step_number': 18, 'description': '귀염뽀쨕한 푸들쿠키 완성!! >_', 'image_url': 'https://recipe1.ezmember.co.kr/cache/recipe/2021/08/14/39ecb4d93d775ab3b59ee415a95f125c1.jpg'}, {'step_number': 19, 'description': '슈가파우더로 만들어서 바삭하지만 부드러운 식감이에요~\n고소한 초코맛이 난답니다\n선물용으로도 짱이에여★', 'image_url': 'https://recipe1.ezmember.co.kr/cache/recipe/2021/08/14/8cefd28397640c49676e05b3a1187afa1.jpg'}, {'step_number': 20, 'description': '글 읽어주셔서 감사합니다\n제 채널을 구독하고 맛있는 레시피소식을 받아보세요~^^*', 'image_url': 'https://recipe1.ezmember.co.kr/cache/recipe/2021/08/14/eb840b41f4494a1916065497e86c10ed1.jpg'}]"
168558,과자,간식,밀가루,굽기,홈베이킹- 담백 고소한 단호박 스콘 만들기,단호박스콘,https://recipe1.ezmember.co.kr/cache/recipe/2021/11/23/0fa53f460af40790d4311f5b1521890c1.jpg,"3,485",20분 이내,초급,3인분,"[('밀가루 박력분', '280g'), ('베이킹파우더', '6g'), ('버터', '60g'), ('소금', '1꼬집'), ('설탕', '50g'), ('우유', '35g'), ('삶은 단호박', '180g')]",삶은 단호박을 으깨 넣어 단호박 특유의 고소함과 담백함이 함께 느껴지는 스콘!,"[{'step_number': 1, 'description': '가루류(박력분 280g, 베이킹파우더 6g)을 체질해 주세요.\n그리고 설탕 50g을 넣고 가볍게 섞어주세요.', 'image_url': 'https://recipe1.ezmember.co.kr/cache/recipe/2021/11/23/ebf7295bb759f4af2e01f96edc0e8f001.jpg'}, {'step_number': 2, 'description': '차가운 버터 60g을 잘게 썰어 넣어주세요.\n그리고 스크래퍼를 이용해 소보로처럼 보슬보슬한 상태가 될 때까지 썰어가며 섞어주세요.\n이때 버터가 녹지 않도록 빠르게 진행해 주세요.', 'image_url': 'https://recipe1.ezmember.co.kr/cache/recipe/2021/11/23/0fe294d7a0e464ba170333ddf425d8531.jpg'}, {'step_number': 3, 'description': '삶은 단호박은 냉장고에 보관 후 차가운 상태로 만들어주세요.\n(버터가 녹지 않도록!)\n단호박(껍질채)을 대충 으깨 넣고 우유를 조금씩 넣어가며 반죽을 뭉쳐주세요.저는 우유의 양을 35g 넣었지만 단호박의 수분 함량에 따라 조금씩 차이가 있을 수 있어요.', 'image_url': 'https://recipe1.ezmember.co.kr/cache/recipe/2021/11/23/0758464c923e4f8e2cec7ebb70c2f35f1.jpg'}, {'step_number': 4, 'description': '단호박의 수분함량에 따라 우유의 양도 달라지기에 꼭 한 번에 다 넣지 말고 조금씩 추가해가며 반죽을 대충 뭉쳐주세요.반죽이 질어지게 되면 바삭한 스콘의 식감도 사라지게 돼요!', 'image_url': 'https://recipe1.ezmember.co.kr/cache/recipe/2021/11/23/d3dc6b8581f37b41ac3575fe443007441.jpg'}, {'step_number': 5, 'description': '뭉쳐진 반죽은 스콘의 결을 살리기 위해 반절 접기를 해가며 반죽을 쌓아 올려주세요.', 'image_url': 'https://recipe1.ezmember.co.kr/cache/recipe/2021/11/23/283966a27661abe974c0c711f3864e781.jpg'}, {'step_number': 6, 'description': '뭉친 반죽은 비닐랩에 담고 냉장실에서 30분 이상 휴지해주세요.', 'image_url': 'https://recipe1.ezmember.co.kr/cache/recipe/2021/11/23/e3cee9297d7b2c513a76dde7afffdbc91.jpg'}, {'step_number': 7, 'description': '휴지된 반죽은 밀대로 밀어 모양을 잡아주고 적당한 크기로 썰어주세요.\n저는 둥근 모양으로 잡아 피자 모양으로 썰어주었어요.', 'image_url': 'https://recipe1.ezmember.co.kr/cache/recipe/2021/11/23/86291a807a92ca6d2ca271cde1c4891e1.jpg'}, {'step_number': 8, 'description': '스콘 반죽 윗면에 우유를 살짝 발라주세요.', 'image_url': 'https://recipe1.ezmember.co.kr/cache/recipe/2021/11/23/aed50cfec8a7c8aab46d46946b2bb77a1.jpg'}, {'step_number': 9, 'description': '예열된 오븐 180도에서 15~20분 구워주세요.\n오븐의 사양에 따라 달라질 수 있으니 확인은 필수!!\n오븐', 'image_url': 'https://recipe1.ezmember.co.kr/cache/recipe/2021/11/23/42f3abb3db9f4c25e0a40eb31b5ba3b11.jpg'}, {'step_number': 10, 'description': '노릇노릇 잘 구워졌다면 간단하게 완성이 되는 단호박 스콘!!', 'image_url': 'https://recipe1.ezmember.co.kr/cache/recipe/2021/11/23/764275e2f5c67ee679965e43675c14891.jpg'}]"
168559,과자,간식,밀가루,굽기,리얼 브라우니 쿠키 만들기,리얼브라우니쿠키,https://recipe1.ezmember.co.kr/cache/recipe/2020/02/05/958d345012cfd39bee198fbe6729eb6a1.jpg,"11,255",120분 이내,아무나,4인분,"[('실온 무염버터', '75g'), ('설탕', '55g'), ('실온 달걀', '26g'), ('바닐라 익스트랙', '1/2tsp'), ('소금', '1g'), ('박력분', '150g'), ('실온 무염버터', '80g'), ('다크 초콜릿', '140g'), ('실온 달걀', '55g'), ('갈색설탕', '60g'), ('물엿', '15g'), ('바닐라 익스트랙', '1/2tsp'), ('소금', '1g'), ('박력분', '60g'), ('코코아 파우더', '10g'), ('베이킹 파우더', '2g'), ('베이킹 소다', '1g')]",다크 초콜릿을 듬뿍 넣어 더욱 더 진한 리얼 브라우니 쿠키,"[{'step_number': 1, 'description': '버터와 초콜릿을 전자레인지에서 20-30초간 돌려 녹인 후 살짝 식혀 주세요전자레인지', 'image_url': 'https://recipe1.ezmember.co.kr/cache/recipe/2020/02/05/01670e4842bb3c9e8c6698012cdfb1781.jpg'}, {'step_number': 2, 'description': '달걀과 설탕, 물엿, 바닐라 익스트랙, 소금을 함께 넣고 섞어 주세요', 'image_url': 'https://recipe1.ezmember.co.kr/cache/recipe/2020/02/05/459e3d75f2aa442fcf3418ec305cdee41.jpg'}, {'step_number': 3, 'description': '녹인 초콜릿 혼합물을 넣고 섞어 주세요', 'image_url': 'https://recipe1.ezmember.co.kr/cache/recipe/2020/02/05/9b95499ce243eee6d0a8246528bbe09a1.jpg'}, {'step_number': 4, 'description': '박력분, 코코아 파우더, 베이킹 파우더, 베이킹 소다를 체 쳐서 넣어 주세요', 'image_url': 'https://recipe1.ezmember.co.kr/cache/recipe/2020/02/05/57bbd6c24a94b7660168bb6f21cd02cd1.jpg'}, {'step_number': 5, 'description': '날가루가 보이지 않을 때까지 잘 섞어 주세요', 'image_url': 'https://recipe1.ezmember.co.kr/cache/recipe/2020/02/05/c841ae36ea598d44baae57d799beac861.jpg'}, {'step_number': 6, 'description': '반죽에 랩을 씌워 냉장고에서 1시간 동안 휴지시켜 주세요', 'image_url': 'https://recipe1.ezmember.co.kr/cache/recipe/2020/02/05/fe5994e80313f8083807fb318a4837001.jpg'}, {'step_number': 7, 'description': '버터를 부드럽게 풀어 주세요', 'image_url': 'https://recipe1.ezmember.co.kr/cache/recipe/2020/02/05/276f8f51949c4680b0dc8d1bb95f98771.jpg'}, {'step_number': 8, 'description': '설탕을 넣고 아이보리 색이 될 때까지 휘핑해 주세요', 'image_url': 'https://recipe1.ezmember.co.kr/cache/recipe/2020/02/05/8737f1e9e8c53d78b6634fad00203d461.jpg'}, {'step_number': 9, 'description': '달걀과 바닐라 익스트랙, 소금을 넣고 섞어 주세요', 'image_url': 'https://recipe1.ezmember.co.kr/cache/recipe/2020/02/05/aa1bb60c9d95416a6425c7388e78af441.jpg'}, {'step_number': 10, 'description': '박력분을 체 쳐서 넣고 가르듯이 섞은 후, 반죽을 한 덩이로 만들어 주세요', 'image_url': 'https://recipe1.ezmember.co.kr/cache/recipe/2020/02/05/615f6680d779209c1daefd6f925f17451.jpg'}, {'step_number': 11, 'description': '지퍼백에 넣어 30분 동안 냉장 휴지 해주세요', 'image_url': 'https://recipe1.ezmember.co.kr/cache/recipe/2020/02/05/a4be68ab52ea6a983f19d41c9c473fbb1.jpg'}, {'step_number': 12, 'description': '휴지 시킨 반죽을 8g씩 분할해 주세요', 'image_url': 'https://recipe1.ezmember.co.kr/cache/recipe/2020/02/05/eb09159eb47c9d9f550204c3db5f02ee1.jpg'}, {'step_number': 13, 'description': '손바닥으로 굴려 공 모양으로 만들어 주세요', 'image_url': 'https://recipe1.ezmember.co.kr/cache/recipe/2020/02/05/e76178d64dc33287e10cfa3778c44ea61.jpg'}, {'step_number': 14, 'description': '냉장 휴지를 마친 초코 반죽을 꺼내 11g씩 분할해 주세요', 'image_url': 'https://recipe1.ezmember.co.kr/cache/recipe/2020/02/05/0a0f29528190df882a9a9695d3d205621.jpg'}, {'step_number': 15, 'description': '손바닥으로 굴려 공 모양으로 만들어 주세요(초콜릿이 녹지 않도록 빠르게 작업하세요)', 'image_url': 'https://recipe1.ezmember.co.kr/cache/recipe/2020/02/05/71bba1ac67a9ccfd64990da0b8c032dd1.jpg'}, {'step_number': 16, 'description': '기본 반죽을 손으로 눌러 얇고 평평하게 만들어 주세요', 'image_url': 'https://recipe1.ezmember.co.kr/cache/recipe/2020/02/05/fe9725bd7aa848d3fac19427ab0f6a651.jpg'}, {'step_number': 17, 'description': '초코 반죽을 넣고 감싸 주세요', 'image_url': 'https://recipe1.ezmember.co.kr/cache/recipe/2020/02/05/c2b40d4cec5fa613196cc8bcc7b343f01.jpg'}, {'step_number': 18, 'description': '서로 충분한 간격을 띄워 팬닝한 뒤, 손으로 눌러 평평하게 만들어 주세요', 'image_url': 'https://recipe1.ezmember.co.kr/cache/recipe/2020/02/05/ccdbc83d14bd0d51f97abf1670966bd51.jpg'}, {'step_number': 19, 'description': '160°C 에서 8-10분 간 구워 주세요(오븐 사양 또는 반죽의 크기에 따라 굽는 온도와 시간은 다를 수 있어요/부드러운 식감을 원하시면 오래 굽지 마세요)오븐', 'image_url': 'https://recipe1.ezmember.co.kr/cache/recipe/2020/02/05/35cd8c5e62ac948a3eee701466e4cee51.jpg'}, {'step_number': 20, 'description': '팬에 그대로 3분 간 둔 후, 식힘망으로 옮겨 완전히 식혀 주세요', 'image_url': 'https://recipe1.ezmember.co.kr/cache/recipe/2020/02/05/88fcd610a1e11fb9114943fed8ee4c7b1.jpg'}, {'step_number': 21, 'description': '우유와 함께 맛있게 드세요!', 'image_url': 'https://recipe1.ezmember.co.kr/cache/recipe/2020/02/05/576939a4246ef51590ecec4e799668fa1.jpg'}]"
